AUDIT_F050HIST,2,,2,1,16,6,,12,12,35,,,,,131,34,1,,,,,30,,,,,,3,,,13,,,,,8,,3,33,82,,,,,,,,,,1,1
AUDIT_F050TPHIST,2,,2,1,8,4,,,,37,,,,,64,36,1,,,,,26,,,,,,3,,,1,,,,,9,,3,12,141,,,,,,,,,,1,1
AUDITDOC1,2,,1,,8,14,,9,35,2,,,,,59,2,,,,,,25,,,,,,1,,,4,,,,,2,1,2,25,59,,,,,1,,,,,1,1
AUDITDOC2,1,,1,,,,,,,18,,,,,28,15,,,,,,15,,,,,,3,,,1,,,,,7,,1,4,4,,,,,,,,,,1,
BILLINGLIST,2,,2,1,1,23,,1,55,51,,,,,102,53,,,,,,44,,,,,,3,,,2,,,,,10,,1,23,65,,,,,,,,,,1,1
CHECK_F001_F002_ALL_1,3,,2,2,1,4,,2,2,21,,,,,43,21,,,,,,4,,,,,,1,,,3,,,,,2,4,1,5,11,,,,,1,,,,,1,1
CHECK_F001_F002_ALL_2,1,,1,,2,8,,2,38,38,,,,,70,36,,,,,,34,,,,,,2,,,3,,,,,10,,,20,52,,,,,,,,,,1,
CHECK_F001_F002_ALL_3,3,,2,2,9,2,,5,21,23,,,,,67,23,,,,,,40,,,,,,1,,,6,,,,,,3,1,24,144,,,,,1,,,,,1,
CHECK_F001_F002_ALL_4,1,,1,,2,8,,2,34,34,,,,,66,32,,,,,,32,,,,,,2,,,3,,,,,10,,,18,46,,,,,,,,,,1,
CHECK_F001_F002_ALL_5,3,,2,2,,3,,1,3,6,,,,,19,6,,,,,,3,,,,,,1,,,2,,,,,,2,2,4,10,,,,,1,,,,,1,
CHECK_F001_F002_ALL_6,2,,2,5,2,,,2,32,20,,,,,44,18,,,,,,26,,,,,,2,,,3,,,,,10,,,22,53,,,,,,,,,,1,
CHECK_SUSP_DTL,2,,2,2,1,2,,1,17,9,,,,,26,8,,,,,,11,,,,,,3,,,2,,,,,6,,,12,37,,,,,,,,,,1,1
CHECKF001_F090__PASS1,3,,2,1,,2,,1,2,4,,,1,,18,4,,,,,,2,,,,,,1,,,2,,,,,2,,,2,18,,,,,1,,,,,1,1
CHECKF001_F090__PASS2,1,,1,,,,,,,,,,1,,3,,,,,,,,,,,,,1,,,1,,,,,,,,,,,,,,,,,,,1,
COSTING1,2,,2,1,3,9,,,,35,,,,,62,34,,,,,,8,,,,,,1,,,1,,,,,11,,1,8,19,,,,,,,,,,1,1
COSTING10,4,,4,3,6,27,,2,2,86,,,,,142,84,,,,,,35,,,,,,2,,,2,,,,,11,,1,15,32,,,,,,,,,,1,1
COSTING11,4,,4,4,1,18,,1,5,66,,,,,103,60,,,,,,45,,,,,,6,,,2,,,,,10,12,3,12,33,,,,,,,,,,1,1
COSTING6A,2,,2,1,3,8,,,,23,,,,,49,22,,,,,,8,,,,,,1,,,1,,,,,11,,1,8,19,,,,,,,,,,1,1
COSTREV26,2,,2,1,5,9,,3,7,26,,,,,67,25,1,,,,,10,,,,,,2,,,4,,,,,7,,1,13,32,,,,,,,,,,1,1
SEL_PED_F002_DTL_CLAIMS,,,,,1,9,,1,7,,,,,,20,4,1,,,,,4,,,,,,,,,1,,,,,,,,5,15,,,,,,,,,,2,
CREATE_CLAIMS_SUBA,2,,1,,,15,,,,11,,,,,36,11,,,,,,,,,,,,1,,,1,,,,,3,,,,,,,,,1,,,,,1,1
CREATE_CLAIMS_SUBB,3,,2,5,,,,1,1,19,,,,,28,19,,,,,,4,,,,,,1,,,2,,,,,,,,6,13,,,,,1,,,,,1,
CREATE_CLAIMS_SUBC,3,,2,1,,6,,,,39,,,,,50,39,,,,,,,,,,,,1,,,1,,,,,,,,1,2,,,,,1,,,,,1,
DEBUGU114,1,,1,,,4,,,,,,,,,16,,,,,,,4,,,,,,1,,,1,,,,,8,,,4,4,,,,,,,,,,1,1
DEBUGU116CD1,1,,1,,,3,,,,43,,,,,58,43,,,,,,4,,,,,,1,,,1,,,,,8,,,4,4,,,,,,,,,,1,1
DEBUGU116CD2,1,,1,,,,,,,,,,,,11,,,,,,,4,,,,,,1,,,1,,,,,8,,,4,4,,,,,,,,,,1,
DEBUGU116CD34,1,,1,,,3,,,,,,,,,14,,,,,,,4,,,,,,1,,,1,,,,,8,,,4,4,,,,,,,,,,1,
DIFFAMT__PASS1,1,,1,,,2,,,,,,,1,,15,,,,,,,4,,,,,,1,,,1,,,,,9,,,4,4,,,,,,,,,,1,1
DIFFDATE__PASS1,1,,1,,,1,,,,,,,1,,14,,,,,,,4,,,,,,1,,,1,,,,,9,,,4,4,,,,,,,,,,1,1
DOCREV,1,,1,,18,11,,12,12,18,,,,,122,18,,,,,,16,,,,,,1,,,13,,,,,10,,1,34,84,,,,,,,,,,1,1
DOCREVALL,1,,1,,,,,,,6,,,,,19,5,,,,,,4,,,,,,1,,,1,,,,,9,,1,3,3,,,,,,,,,,1,1
DUMP_TECH1,4,,3,2,,11,,1,7,9,,,,,32,9,,,,,,10,,,,,,1,,,2,,,,,2,,,6,39,,,,,1,,,,,1,1
DUMP_TECH2,1,,1,,,1,,,,9,,,,,21,9,,,,,,4,,,,,,1,,,1,,,,,8,,,4,4,,,,,,,,,,1,
DUMPF119,1,,1,,,2,,,,,,,,,12,,,,,,,2,,,,,,1,,,1,,,,,5,,3,2,2,,,,,,,,,,1,1
DUMPF119YTD,1,,1,,,3,,1,1,6,,,,,23,6,,,,,,3,,,,,,1,,,2,,,,,5,,3,3,5,,,,,,,,,,1,1
KATHYF001STATUS,1,,1,,,6,,1,1,5,,,,,28,5,,,,,,4,,,,,,1,,,2,,,,,9,,,4,6,,,,,,,,,,1,1
MARIA_REJECTS3,4,,4,7,28,16,,26,40,8,,,,,130,7,,,,,,73,,,,,,2,,,5,,,,,11,2,4,70,168,,,,,,,,,,1,1
NEWSEMAIL,3,,3,4,3,10,,1,5,16,,,,,51,16,,,,,,8,,,,,,1,,,2,,,,,13,,1,14,27,,,,,,,,,,1,1
PAYCODE1A_CEILINGS,4,,4,3,,4,,1,3,24,,,,,46,23,1,,,,,20,,,,,,2,,,2,,,,,10,,,10,17,,,,,,,,,,1,1
PAYEFT,3,,3,2,,,,1,3,21,,,,,37,19,,,,,,17,,,,,,2,,,2,,,,,9,,,8,14,,,,,,,,,,1,1
PAYROLLLIST,2,,2,1,,12,,1,43,29,,,,,65,30,,,,,,31,,,,,,3,,,2,,,,,9,,1,18,45,,,,,,,,,,1,1
R004A,6,,5,5,6,25,,5,33,17,,,,,79,19,,,,,,22,,,,,,1,,,5,,,,,3,,,25,109,,,,,1,,,,,1,1
R004ATP,6,,5,5,6,27,,5,37,13,,,,,76,14,1,,,,,22,,,,,,1,,,5,,,,,3,,,25,109,,,,,1,,,,,1,1
R004ATP_70,6,,5,5,6,11,,5,37,13,,,,,60,14,1,,,,,22,,,,,,1,,,5,,,,,3,,,25,109,,,,,1,,,,,1,1
R004B,4,,3,4,72,15,,46,64,95,,,,,421,95,,,,,,64,,,,,,1,,,47,,,,,3,,,129,328,,,,,1,,,,,1,1
R004BTP,3,,3,4,21,35,,9,25,122,,,,,236,120,,,,,,98,,,,,,3,,,10,,,,,9,,6,45,124,,,,,,,,,,1,1
R004BTP_70,3,,3,4,21,9,,9,25,122,,,,,210,120,,,,,,98,,,,,,3,,,10,,,,,9,,6,45,124,,,,,,,,,,1,1
R004BTP_PORTAL,3,,3,4,22,77,,9,25,138,,,,,295,136,,,,,,101,,,,,,3,,,10,,,,,9,,5,46,136,,,,,,,,,,1,1
R004C,1,,1,,,19,,,,399,,,,,436,397,,,,,,177,,,,,,6,,,1,,,,,10,,7,4,4,,,,,,,,,,1,1
R004C_PORTAL,1,,1,,1,121,,,,195,,,,,333,193,,,,,,93,,,,,,4,,,1,,,,,10,,7,5,16,,,,,,,,,,1,1
R004C_PORTAL_SS,2,,2,2,47,25,,21,22,34,,,,,199,34,,,,,,131,,,,,,2,,,10,,,,,11,,7,74,466,,,,,,,,,,1,1
R004CTP,3,,3,4,19,14,,9,25,65,,,,,156,64,,,,,,60,,,,,,2,,,10,,,,,9,,2,43,115,,,,,,,,,,1,1
R004CTP_70,3,,3,4,19,9,,9,25,65,,,,,151,64,,,,,,60,,,,,,2,,,10,,,,,9,,2,43,115,,,,,,,,,,1,1
R004D,1,,1,,,8,,,,354,,,,,379,354,,,,,,148,,,,,,4,,,1,,,,,9,,2,4,4,,,,,,,,,,1,1
R004DTP,3,,3,4,19,14,,9,25,102,,,,,194,101,,,,,,81,,,,,,3,,,10,,,,,9,,1,43,115,,,,,,,,,,1,1
R004DTP_70,3,,3,4,19,9,,9,25,102,,,,,189,101,,,,,,81,,,,,,3,,,10,,,,,9,,1,43,115,,,,,,,,,,1,1
R005A_CSV,1,,1,,22,12,,6,6,14,,,,,100,14,,,,,,40,,,,,,2,,,7,,,,,10,,4,32,166,,,,,,,,,,1,1
R005B_CSV,1,,1,,20,3,,6,6,10,,,,,79,10,,,,,,34,,,,,,2,,,7,,,,,5,,1,28,150,,,,,,,,,,1,
R005C_CSV,1,,1,,,2,,,,11,,,,,19,10,,,,,,9,,,,,,2,,,1,,,,,3,,,2,2,,,,,,,,,,1,
R005ATP,4,,4,3,24,20,,13,17,74,,,,,163,72,1,,,,,82,,,,,,5,,,2,,,,,9,,4,46,153,,,,,,,,,,1,1
R005ATP_70,4,,4,3,24,10,,13,17,74,,,,,153,72,1,,,,,82,,,,,,5,,,2,,,,,9,,4,46,153,,,,,,,,,,1,1
R005BTP,4,,4,3,23,18,,13,17,50,,,,,137,50,1,,,,,70,,,,,,4,,,2,,,,,9,,2,45,145,,,,,,,,,,1,1
R005BTP_70,4,,4,3,23,9,,13,17,50,,,,,128,50,1,,,,,70,,,,,,4,,,2,,,,,9,,2,45,145,,,,,,,,,,1,1
R005CTP,4,,4,3,23,21,,13,17,42,,,,,132,42,1,,,,,66,,,,,,4,,,2,,,,,9,,1,45,145,,,,,,,,,,1,1
R005CTP_70,4,,4,3,23,9,,13,17,42,,,,,120,42,1,,,,,66,,,,,,4,,,2,,,,,9,,1,45,145,,,,,,,,,,1,1
R005DTP,4,,4,3,23,25,,13,17,42,,,,,136,42,1,,,,,66,,,,,,4,,,2,,,,,9,,1,45,145,,,,,,,,,,1,1
R005DTP_70,4,,4,3,23,9,,13,17,42,,,,,120,42,1,,,,,66,,,,,,4,,,2,,,,,9,,1,45,145,,,,,,,,,,1,1
R006ATP,5,,5,4,24,20,,13,17,77,,,,,166,75,1,,,,,84,,,,,,5,,,2,,,,,9,,4,47,155,,,,,,,,,,1,1
R006ATP_70,5,,5,4,24,10,,13,17,77,,,,,156,75,1,,,,,84,,,,,,5,,,2,,,,,9,,4,47,155,,,,,,,,,,1,1
R006BTP,5,,5,4,23,18,,13,17,50,,,,,137,50,1,,,,,70,,,,,,4,,,2,,,,,9,,2,46,147,,,,,,,,,,1,1
R006BTP_70,5,,5,4,23,9,,13,17,50,,,,,128,50,1,,,,,70,,,,,,4,,,2,,,,,9,,2,46,147,,,,,,,,,,1,1
R006CTP,5,,5,4,23,21,,13,17,42,,,,,132,42,1,,,,,66,,,,,,4,,,2,,,,,9,,1,46,147,,,,,,,,,,1,1
R006CTP_70,5,,5,4,23,9,,13,17,42,,,,,120,42,1,,,,,66,,,,,,4,,,2,,,,,9,,1,46,147,,,,,,,,,,1,1
R006DTP,5,,5,4,23,25,,13,17,42,,,,,136,42,1,,,,,66,,,,,,4,,,2,,,,,9,,1,46,147,,,,,,,,,,1,1
R006DTP_70,5,,5,4,23,9,,13,17,42,,,,,120,42,1,,,,,66,,,,,,4,,,2,,,,,9,,1,46,147,,,,,,,,,,1,1
R010CYCLE_1,2,,2,1,5,42,,1,3,92,,,,,161,89,,,,,,64,,,,,,4,,,2,,,,,11,,2,12,37,,,,,,,,,,1,1
R010CYCLE_2,1,,1,,,,,,,5,,,,,7,4,,,,,,3,,,,,,1,,,1,,,,,,,,,,,,,,,,,,,1,
R010CYCLE_3,2,,2,1,5,22,,2,6,9,,,,,48,8,,,,,,9,,,,,,1,,,3,,,,,,,,10,39,,,,,,,,,,1,
R010CYCLE_4,2,,2,1,5,16,,2,6,9,,,,,42,8,,,,,,9,,,,,,1,,,3,,,,,,,,10,39,,,,,,,,,,1,
R010DAILY_1,2,,2,1,5,43,,1,3,92,,,,,162,89,,,,,,64,,,,,,4,,,2,,,,,11,,1,12,37,,,,,,,,,,1,1
R010DAILY_2,1,,1,,,,,,,5,,,,,7,4,,,,,,3,,,,,,1,,,1,,,,,,,,,,,,,,,,,,,1,
R011A_CSV,2,,1,,10,16,,6,12,3,,,,,56,4,1,,,,,25,,,,,,1,,,3,,,,,2,,,19,89,,,,,1,,,,,1,1
R011B_CSV,4,,3,3,16,,,12,12,19,,,,,101,19,,,,,,12,,,,,,1,,,13,,,,,,17,2,31,98,,,,,1,,,,,1,
R011C_CSV,1,,1,,70,2,,24,24,38,,,,,266,38,,,,,,110,,,,,,2,,,25,,,,,8,,,98,576,,,,,,,,,,1,
R011D_CSV,1,,1,,,1,,,,53,,,,,64,52,,,,,,39,,,,,,2,,,1,,,,,7,,,4,4,,,,,,,,,,1,
R011A,4,,4,3,110,62,,92,188,187,,,,,841,186,1,,,,,233,,,,,,6,,,90,,,,,10,,4,257,672,,,,,,,,,,1,1
R011A_70,4,,4,3,110,10,,92,188,187,,,,,789,186,1,,,,,233,,,,,,6,,,90,,,,,10,,4,257,672,,,,,,,,,,1,1
R011B,4,,4,3,22,25,,16,16,73,,,,,209,73,1,,,,,57,,,,,,4,,,14,,,,,10,,2,45,132,,,,,,,,,,1,1
R011B_70,4,,4,3,22,10,,16,16,73,,,,,194,73,1,,,,,57,,,,,,4,,,14,,,,,10,,2,45,132,,,,,,,,,,1,1
R011C,4,,4,3,22,32,,16,16,65,,,,,206,64,1,,,,,53,,,,,,3,,,14,,,,,10,,1,45,132,,,,,,,,,,1,1
R011C_70,4,,4,3,22,10,,16,16,65,,,,,184,64,1,,,,,53,,,,,,3,,,14,,,,,10,,1,45,132,,,,,,,,,,1,1
R011MOHR,4,,4,3,110,47,,92,108,313,,,,,953,313,,,,,,236,,,,,,6,,,90,,,,,10,,4,217,560,,,,,,,,,,1,1
R012ATP,4,,4,3,42,22,,15,19,150,,,,,270,147,1,,,,,111,,,,,,5,,,4,,,,,9,,4,66,305,,,,,,,,,,1,1
R012ATP_70,4,,4,3,42,10,,15,19,150,,,,,258,147,1,,,,,111,,,,,,5,,,4,,,,,9,,4,66,305,,,,,,,,,,1,1
R012BTP,4,,4,3,42,19,,15,19,109,,,,,226,107,1,,,,,98,,,,,,4,,,4,,,,,9,,2,66,305,,,,,,,,,,1,1
R012BTP_70,4,,4,3,42,10,,15,19,109,,,,,217,107,1,,,,,98,,,,,,4,,,4,,,,,9,,2,66,305,,,,,,,,,,1,1
R012CTP,4,,4,3,42,26,,15,19,104,,,,,227,101,1,,,,,96,,,,,,4,,,4,,,,,9,,1,66,305,,,,,,,,,,1,1
R012CTP_70,4,,4,3,42,10,,15,19,104,,,,,211,101,1,,,,,96,,,,,,4,,,4,,,,,9,,1,66,305,,,,,,,,,,1,1
R013ATP,4,,4,3,42,19,,15,19,147,,,,,264,144,1,,,,,110,,,,,,5,,,4,,,,,9,,4,66,305,,,,,,,,,,1,1
R013ATP_70,4,,4,3,42,10,,15,19,147,,,,,255,144,1,,,,,110,,,,,,5,,,4,,,,,9,,4,66,305,,,,,,,,,,1,1
R013BTP,4,,4,3,42,19,,15,19,109,,,,,226,107,1,,,,,98,,,,,,4,,,4,,,,,9,,2,66,305,,,,,,,,,,1,1
R013BTP_70,4,,4,3,42,10,,15,19,109,,,,,217,107,1,,,,,98,,,,,,4,,,4,,,,,9,,2,66,305,,,,,,,,,,1,1
R013CTP,4,,4,3,42,26,,15,19,104,,,,,227,101,1,,,,,96,,,,,,4,,,4,,,,,9,,1,66,305,,,,,,,,,,1,1
R013CTP_70,4,,4,3,42,10,,15,19,104,,,,,211,101,1,,,,,96,,,,,,4,,,4,,,,,9,,1,66,305,,,,,,,,,,1,1
R015ATP,4,,4,3,44,21,,15,19,179,,,,,300,175,1,,,,,119,,,,,,6,,,4,,,,,9,,5,68,314,,,,,,,,,,1,1
R015ATP_70,4,,4,3,44,10,,15,19,179,,,,,289,175,1,,,,,119,,,,,,6,,,4,,,,,9,,5,68,314,,,,,,,,,,1,1
R015BTP,4,,4,3,43,20,,15,19,109,,,,,228,107,1,,,,,99,,,,,,4,,,4,,,,,9,,2,67,306,,,,,,,,,,1,1
R015BTP_70,4,,4,3,43,10,,15,19,109,,,,,218,107,1,,,,,99,,,,,,4,,,4,,,,,9,,2,67,306,,,,,,,,,,1,1
R015CTP,4,,4,3,43,27,,15,19,104,,,,,229,101,1,,,,,97,,,,,,4,,,4,,,,,9,,1,67,306,,,,,,,,,,1,1
R015CTP_70,4,,4,3,43,10,,15,19,104,,,,,212,101,1,,,,,97,,,,,,4,,,4,,,,,9,,1,67,306,,,,,,,,,,1,1
R020A2,3,,2,3,,60,,2,10,13,,,,,91,13,,,,,,15,,,,,,1,,,3,,,,,3,1,2,9,55,,,,,1,,,,,1,1
R020A3,3,,3,4,6,24,,4,4,53,,,,,120,53,,,,,,65,,,,,,2,,,5,,,,,12,,2,18,92,,,,,,,,,,1,
R020E1,3,,2,1,7,27,,5,7,12,,,,,76,12,,,,,,12,,,,,,1,,,4,,,,,3,,,14,32,,,,,1,,,,,1,1
R020E2,2,,1,,1,2,,,,10,,,,,21,10,,,,,,1,,,,,,1,,,1,,,,,2,9,3,1,10,,,,,1,,,,,1,
R020E3,2,,1,,2,1,,1,3,10,,,,,26,10,,,,,,3,,,,,,1,,,2,,,,,2,,,4,10,,,,,1,,,,,1,
R020E4,2,,1,,4,1,,1,3,10,,,,,29,10,,,,,,5,,,,,,1,,,2,,,,,2,1,3,6,12,,,,,1,,,,,1,
R020E5,3,,3,4,2,6,,3,11,41,,,,,76,40,,,,,,37,,,,,,3,,,4,,,,,9,8,3,17,42,,,,,,,,,,1,
R020E6,2,,2,1,12,10,,10,12,69,,,,,148,67,,,,,,58,,,,,,5,,,8,,,,,9,1,4,28,53,,,,,,,,,,1,
R020F,2,,2,1,1,14,,,,37,,,,,72,36,,,,,,29,,,,,,4,,,1,,,,,13,,3,8,16,,,,,,,,,,1,1
R021A_1,12,,11,10,,6,,1,69,14,,,,,33,14,,,,,,10,,,,,,1,,,2,,,,,3,,,30,90,,,,,1,,,,,1,1
R021A_2,12,,11,10,,,,1,69,14,,,,,23,14,,,,,,10,,,,,,1,,,2,,,,,,,,30,90,,,,,1,,,,,1,
R021A_3,1,,1,,,,,,,7,,,,,18,6,,,,,,9,,,,,,3,,,1,,,,,8,,,4,4,,,,,,,,,,1,
R021B,6,,6,8,3,134,,2,8,63,,,,,226,59,,,,,,45,,,,,,7,,,3,,,,,11,1,5,19,99,,,,,,,,,,1,1
R021C,3,,3,2,1,32,,,,81,,,,,132,77,,,,,,39,,,,,,7,,,1,,,,,11,1,5,7,37,,,,,,,,,,1,1
R022A2,3,,2,3,,22,,1,3,29,,,,,65,29,,,,,,7,,,,,,1,,,2,,,,,3,1,2,5,26,,,,,1,,,,,1,1
R022A3,2,,1,,,20,,1,1,28,,,,,61,28,,,,,,1,,,,,,1,,,2,,,,,3,,,1,3,,,,,1,,,,,1,1
R022A4,4,,3,2,12,30,,3,5,47,,,,,111,47,,,,,,11,,,,,,1,,,3,,,,,3,,,18,47,,,,,1,,,,,1,1
R022A5,3,,2,3,,24,,2,8,18,,,,,60,18,,,,,,14,,,,,,1,,,3,,,,,3,1,2,8,52,,,,,1,,,,,1,1
R022A6,1,,1,,,17,,,,19,,,,,51,18,,,,,,15,,,,,,2,,,1,,,,,10,,1,4,4,,,,,,,,,,1,1
R022A7,3,,2,3,16,20,,4,4,26,,,,,91,26,,,,,,27,,,,,,1,,,5,,,,,3,,,23,70,,,,,1,,,,,1,1
R022A9,2,,2,1,4,31,,2,2,76,,,,,138,73,,,,,,59,,,,,,5,,,2,,,,,13,,5,11,42,,,,,,,,,,1,1
R022E1,3,,2,5,12,17,,5,11,12,,,,,71,12,,,,,,23,,,,,,1,,,4,,,,,3,,,24,79,,,,,1,,,,,1,1
R022E2,2,,1,,1,1,,,,10,,,,,20,10,,,,,,1,,,,,,1,,,1,,,,,2,9,3,1,10,,,,,1,,,,,1,
R022E3,2,,1,,2,1,,1,3,10,,,,,26,10,,,,,,3,,,,,,1,,,2,,,,,2,,,4,10,,,,,1,,,,,1,
R022E4,2,,1,,4,1,,1,3,10,,,,,29,10,,,,,,5,,,,,,1,,,2,,,,,2,1,3,6,12,,,,,1,,,,,1,
R022E5,3,,3,4,2,3,,3,13,41,,,,,74,40,,,,,,37,,,,,,3,,,4,,,,,10,8,3,17,42,,,,,,,,,,1,
R022E6,2,,2,1,12,22,,10,12,68,,,,,152,66,,,,,,53,,,,,,5,,,8,,,,,2,1,4,24,49,,,,,,,,,,1,
R022F_1,3,,2,1,4,7,,2,34,15,,,,,48,18,3,,,,,16,,,,,,1,,,3,,,,,3,,,18,62,,,,,1,,,,,1,1
R022F_2,1,,1,,,,,,,36,,,,,48,32,,,,,,23,,,,,,5,,,1,,,,,8,,4,4,4,,,,,,,,,,1,
R022G_1,3,,2,1,4,8,,2,34,17,,,,,51,20,3,,,,,22,,,,,,1,,,3,,,,,3,,,18,83,,,,,1,,,,,1,1
R022G_2,1,,1,,2,9,,2,38,40,,,,,73,36,,,,,,42,,,,,,5,,,3,,,,,8,,4,21,51,,,,,,,,,,1,
R030D1,3,,3,2,10,54,,3,3,49,,,,,149,47,,,,,,44,,,,,,5,,,4,,,,,11,2,2,19,82,,,,,,,,,,1,1
R030D2,1,,1,,,,,,,5,,,,,9,5,,,,,,3,,,,,,1,,,1,,,,,1,,,,,,,,,,,,,,1,
R030E1,4,,4,5,7,111,,2,40,60,,,,,208,58,,,,,,61,,,,,,7,,,3,,,,,11,2,6,31,103,,,,,,,,,,1,1
R030E2,2,,2,1,4,26,,3,33,40,,,,,88,38,,,,,,38,,,,,,3,,,4,,,,,,,1,19,57,,,,,,,,,,1,
R030F1,5,,5,9,7,31,,3,7,60,,,,,129,58,,,,,,52,,,,,,6,,,3,,,,,11,2,2,25,87,,,,,,,,,,1,1
R030F2,2,,2,1,5,6,,3,15,41,,,,,71,39,,,,,,33,,,,,,3,,,4,,,,,,,1,15,43,,,,,,,,,,1,
R030H,1,,1,,,11,,,,14,,,,,41,13,,,,,,8,,,,,,3,,,1,,,,,11,,2,4,4,,,,,,,,,,1,1
R030I1,3,,2,1,,15,,1,2,5,,,,,33,5,,,,,,,,,,,,1,,,2,,,,,3,,,2,6,,,,,1,,,,,1,1
R030I2,1,,1,,,9,,,,19,,,,,42,18,,,,,,13,,,,,,3,,,1,,,,,10,,,4,4,,,,,,,,,,1,
R030I_2,1,,1,,1,14,,,,18,,,,,48,17,,,,,,16,,,,,,3,,,1,,,,,10,,,5,12,,,,,,,,,,1,1
R030I_3,1,,1,,,14,,,,21,,,,,51,20,,,,,,16,,,,,,3,,,1,,,,,10,1,1,4,4,,,,,,,,,,1,1
R030J,1,,1,,3,20,,1,7,18,,,,,60,16,,,,,,22,,,,,,3,,,2,,,,,11,,,10,41,,,,,,,,,,1,1
R030K,2,,2,1,1,25,,,,32,,,,,72,28,,,,,,22,,,,,,4,,,1,,,,,10,,2,6,14,,,,,,,,,,1,1
R030K_CSV,2,,2,1,17,8,,4,4,2,,,,,66,2,,,,,,34,,,,,,2,,,5,,,,,10,,2,26,162,,,,,,,,,,1,1
R030L,1,,1,,,9,,,,12,,,,,35,10,,,,,,11,,,,,,4,,,1,,,,,10,,,4,4,,,,,,,,,,1,1
R030M,2,,2,1,1,24,,,,32,,,,,71,28,,,,,,22,,,,,,4,,,1,,,,,10,,3,6,14,,,,,,,,,,1,1
R030N,3,,3,2,1,17,,2,3,22,,,,,61,19,,,,,,20,,,,,,3,,,3,,,,,10,,,9,39,,,,,,,,,,1,1
R030Q,2,,2,1,1,6,,,,27,,,,,48,24,,,,,,18,,,,,,3,,,1,,,,,10,,5,6,14,,,,,,,,,,1,1
R030R1,2,,2,1,1,6,,1,2,27,,,,,53,24,,,,,,19,,,,,,3,,,2,,,,,11,,3,7,18,,,,,,,,,,1,1
R030R2,3,,2,2,,,,1,3,4,,,,,13,4,,,,,,5,,,,,,1,,,2,,,,,,,,4,17,,,,,1,,,,,1,
R030R3,1,,1,,,,,,,22,,,,,24,19,,,,,,12,,,,,,3,,,1,,,,,,,,,,,,,,,,,,,1,
R031_BEFORE_UPDATE_1,1,,1,,2,29,,1,1,24,,,,,77,21,,,,,,34,,,,,,4,,,2,,,,,11,,2,7,74,,,,,,,,,,1,1
R031_BEFORE_UPDATE_2,1,,1,,2,2,,1,1,13,,,,,27,12,,,,,,24,,,,,,2,,,2,,,,,,,1,3,70,,,,,,,,,,1,
R031_BEFORE_UPDATE_3,2,,2,1,2,3,,2,3,25,,,,,42,22,,,,,,30,,,,,,3,,,3,,,,,,,,5,76,,,,,,,,,,1,
R031_PART2_BEFORE_UPDATE,2,,2,3,4,8,,1,1,36,,,,,68,32,,,,,,40,,,,,,4,,,2,,,,,10,,3,12,93,,,,,,,,,,1,1
R031A,1,,1,,,14,,,,1,,,,,30,1,,,,,,4,,,,,,2,,,1,,,,,10,,,3,3,,,,,,,,,,1,1
R031A_AGEP,3,,1,,4,38,,4,32,,,,,,68,1,,,,,,22,,,,,,1,,,3,,,,,3,,,22,58,,,,,1,,,,,1,1
R031B_AGEP_1,1,,1,,,27,,,,19,,,,,66,17,,,,,,15,,,,,,4,,,1,,,,,14,,2,4,4,,,,,,,,,,1,1
R031B_AGEP_2,1,,1,,,4,,,,16,,,,,25,15,,,,,,10,,,,,,3,,,1,,,,,,,1,,,,,,,,,,,,1,
R031C_1,1,,1,,,16,,,,6,,,,,37,5,,,,,,7,,,,,,3,,,1,,,,,10,,,4,4,,,,,,,,,,1,1
R031C_2,1,,1,,,4,,,,4,,,,,13,4,,,,,,,,,,,,2,,,1,,,,,,,2,,,,,,,,,,,,1,
R051A_TP_PER,2,,1,,9,9,,,,10,,,,,38,11,1,,,,,1,,,,,,1,,,1,,,,,2,1,1,9,104,,,,,1,,,,,1,1
R051A_TP_PER_70,2,,1,,9,6,,,,10,,,,,35,11,1,,,,,1,,,,,,1,,,1,,,,,2,1,1,9,104,,,,,1,,,,,1,1
R051B_TP_PER,3,,3,2,6,13,,,,55,,,,,88,53,,,,,,48,,,,,,3,,,1,,,,,9,,2,12,73,,,,,,,,,,1,1
R051B_TP_PER_70,3,,3,2,6,8,,,,55,,,,,83,53,,,,,,48,,,,,,3,,,1,,,,,9,,2,12,73,,,,,,,,,,1,1
R051CA_PORTAL,5,,5,4,19,25,,12,12,68,,,,,180,68,,,,,,59,,,,,,4,,,10,,,,,9,,5,39,98,,,,,,,,,,1,1
R051CAATP,5,,5,4,58,27,,47,63,129,,,,,437,127,1,,,,,119,,,,,,7,,,37,,,,,9,,5,121,969,,,,,,,,,,1,1
R051CAATP_70,5,,5,4,58,10,,47,63,129,,,,,420,127,1,,,,,119,,,,,,7,,,37,,,,,9,,5,121,969,,,,,,,,,,1,1
R051CABTP,5,,5,4,16,17,,6,6,59,,,,,130,57,1,,,,,47,,,,,,4,,,4,,,,,9,,2,30,179,,,,,,,,,,1,1
R051CABTP_70,5,,5,4,16,10,,6,6,59,,,,,123,57,1,,,,,47,,,,,,4,,,4,,,,,9,,2,30,179,,,,,,,,,,1,1
R051CACTP,5,,5,4,10,23,,2,2,48,,,,,107,46,1,,,,,31,,,,,,3,,,3,,,,,9,,1,20,154,,,,,,,,,,1,1
R051CACTP_70,5,,5,4,10,10,,2,2,48,,,,,94,46,1,,,,,31,,,,,,3,,,3,,,,,9,,1,20,154,,,,,,,,,,1,1
R051CB_PORTAL,5,,5,4,19,22,,12,12,72,,,,,181,72,,,,,,62,,,,,,4,,,10,,,,,9,,4,39,105,,,,,,,,,,1,1
R051CBATP,5,,5,4,56,14,,47,63,127,,,,,419,124,1,,,,,115,,,,,,7,,,37,,,,,9,,4,119,958,,,,,,,,,,1,1
R051CBATP_70,5,,5,4,56,10,,47,63,127,,,,,415,124,1,,,,,115,,,,,,7,,,37,,,,,9,,4,119,958,,,,,,,,,,1,1
R051CBBTP,5,,5,4,14,14,,6,6,59,,,,,125,57,1,,,,,45,,,,,,4,,,4,,,,,9,,2,28,170,,,,,,,,,,1,1
R051CBBTP_70,5,,5,4,14,10,,6,6,59,,,,,121,57,1,,,,,45,,,,,,4,,,4,,,,,9,,2,28,170,,,,,,,,,,1,1
R051CBCTP,5,,5,4,10,23,,2,2,46,,,,,105,44,1,,,,,30,,,,,,3,,,3,,,,,9,,1,20,154,,,,,,,,,,1,1
R051CBCTP_70,5,,5,4,10,10,,2,2,46,,,,,92,44,1,,,,,30,,,,,,3,,,3,,,,,9,,1,20,154,,,,,,,,,,1,1
R070A_CSV,6,,5,4,29,28,,17,47,19,,,,,151,23,3,,,,,54,,,,,,1,,,9,,,,,3,,,62,209,,,,,1,,,,,1,1
R070B_CSV,1,,1,,32,6,,11,11,2,,,,,121,2,,,,,,71,,,,,,2,,,12,,,,,13,,,47,385,,,,,,,,,,1,
R070C_CSV,1,,1,,,,,,,14,,,,,24,13,,,,,,13,,,,,,2,,,1,,,,,7,,,4,4,,,,,,,,,,1,
R070ATP,4,,3,2,26,35,,13,23,26,,,,,147,28,2,,,,,39,,,,,,1,,,7,,,,,3,1,1,46,158,,,,,1,,,,,1,1
R070ATP_70,4,,3,2,26,22,,13,23,26,,,,,134,28,2,,,,,39,,,,,,1,,,7,,,,,3,1,1,46,158,,,,,1,,,,,1,1
R070BTP,3,,2,3,1,11,,1,5,25,,,,,51,25,,,,,,6,,,,,,1,,,2,,,,,3,1,1,7,23,,,,,1,,,,,1,1
R070BTP_70,3,,2,3,1,7,,1,5,25,,,,,47,25,,,,,,6,,,,,,1,,,2,,,,,3,1,1,7,23,,,,,1,,,,,1,1
R070CTP,1,,1,,68,17,,58,66,271,,,,,665,270,,,,,,237,,,,,,6,,,59,,,,,9,,5,134,281,,,,,,,,,,1,1
R070CTP_70,1,,1,,68,10,,58,66,271,,,,,658,270,,,,,,237,,,,,,6,,,59,,,,,9,,5,134,281,,,,,,,,,,1,1
R070DTP,1,,1,,26,12,,21,21,112,,,,,271,111,,,,,,91,,,,,,3,,,22,,,,,9,,1,51,101,,,,,,,,,,1,1
R070DTP_70,1,,1,,26,9,,21,21,112,,,,,268,111,,,,,,91,,,,,,3,,,22,,,,,9,,1,51,101,,,,,,,,,,1,1
R085A,5,,4,7,1,24,,2,14,5,,,,,47,5,,,,,,13,,,,,,1,,,3,,,,,2,,,14,60,,,,,1,,,,,1,1
R085E_1,2,,1,,,92,,,,2,,,,,102,2,,,,,,1,,,,,,1,,,1,,,,,2,,,1,1,,,,,1,,,,,1,1
R085E_2,9,,8,11,3,56,,3,49,11,,,,,92,11,,,,,,27,,,,,,1,,,4,,,,,3,1,4,32,124,,,,,1,,,,,1,
R085E_3,,,,,33,134,,23,35,91,,,,,353,88,,,,,,140,,,,,,5,,,12,,,,,11,1,,66,175,,,,,,,,,,1,
R086,4,,4,7,8,41,,6,22,57,,,,,147,55,,,,,,71,,,,,,3,,,5,,,,,13,,4,31,116,,,,,,,,,,1,1
R087,6,,6,9,5,81,,3,33,52,,,,,169,50,,,,,,62,,,,,,2,,,4,,,,,13,,4,30,113,,,,,,,,,,1,1
R088,3,,3,2,4,35,,1,3,56,,,,,117,54,,,,,,57,,,,,,3,,,2,,,,,13,,2,12,68,,,,,,,,,,1,1
R088A,3,,3,2,4,36,,,,57,,,,,115,55,,,,,,52,,,,,,3,,,1,,,,,13,,2,10,48,,,,,,,,,,1,1
R089,4,,4,3,5,46,,1,3,58,,,,,131,56,,,,,,56,,,,,,3,,,2,,,,,13,,5,14,87,,,,,,,,,,1,1
R089_PORTAL,4,,4,3,6,86,,1,3,67,,,,,181,65,,,,,,59,,,,,,3,,,2,,,,,13,,4,15,99,,,,,,,,,,1,1
R093A,3,,2,1,17,33,,6,16,15,,,,,106,15,,,,,,25,,,,,,1,,,6,,,,,2,1,1,29,86,,,,,1,,,,,1,1
R093B,3,,2,1,15,21,,5,15,15,,,,,83,15,,,,,,24,,,,,,1,,,5,,,,,,1,1,26,78,,,,,1,,,,,1,
R093C,1,,1,,6,,,6,6,69,,,,,110,65,,,,,,47,,,,,,6,,,4,,,,,8,,3,16,28,,,,,,,,,,1,
R093D,2,,2,1,9,16,,5,15,25,,,,,84,23,,,,,,32,,,,,,5,,,4,,,,,8,,3,23,71,,,,,,,,,,1,
R095A,3,,2,1,17,32,,6,16,15,,,,,105,15,,,,,,25,,,,,,1,,,6,,,,,2,1,1,29,86,,,,,1,,,,,1,1
R095B,3,,2,1,17,21,,6,16,15,,,,,91,15,,,,,,25,,,,,,1,,,6,,,,,,1,1,29,86,,,,,1,,,,,1,
R095C,1,,1,,6,,,6,6,67,,,,,110,64,,,,,,46,,,,,,6,,,4,,,,,9,,3,16,28,,,,,,,,,,1,
R099A,2,,1,,3,9,,,,3,,,,,24,3,,,,,,3,,,,,,1,,,1,,,,,2,1,1,3,3,,,,,1,,,,,1,1
R099B,2,,1,,3,,,,,3,,,,,12,3,,,,,,3,,,,,,1,,,1,,,,,,1,1,3,3,,,,,1,,,,,1,
R099C,2,,1,,3,,,,,3,,,,,12,3,,,,,,3,,,,,,1,,,1,,,,,,1,1,3,3,,,,,1,,,,,1,
R099D,1,,1,,1,3,,,,18,,,,,33,18,,,,,,17,,,,,,2,,,1,,,,,6,,1,4,4,,,,,,,,,,1,
R111B,1,,1,,,13,,,,13,,,,,39,10,,,,,,8,,,,,,4,,,1,,,,,9,,1,2,2,,,,,,,,,,1,1
R112_CSV,3,,3,1,10,9,,,,18,,,,,52,18,,,,,,21,,,,,,2,,,1,,,,,10,,,15,91,,,,,,,,,,1,1
R113,2,,2,,,16,,,,8,,,,,38,8,,,,,,4,,,,,,1,,,1,,,,,10,,,4,4,,,,,,,,,,1,1
R119A,5,,5,4,7,34,,6,6,38,,,,,116,35,,,,,,40,,,,,,4,,,4,,,,,11,,3,21,55,,,,,,,,,,1,1
R119B,5,,5,4,7,33,,6,6,34,,,,,111,31,,,,,,38,,,,,,4,,,4,,,,,11,,2,21,55,,,,,,,,,,1,1
R119C,5,,5,4,9,42,,8,72,32,,,,,129,29,,,,,,78,,,,,,3,,,6,,,,,11,,1,57,187,,,,,,,,,,1,1
R120,1,,1,,6,18,,4,4,49,,,,,110,49,,,,,,50,,,,,,4,,,3,,,,,11,,6,14,104,,,,,,,,,,1,1
R121A,5,,5,4,13,21,,12,12,36,,,,,119,33,,,,,,51,,,,,,4,,,4,,,,,11,,3,33,72,,,,,,,,,,1,1
R121A_SUMM,1,,1,,13,4,,11,11,34,,,,,96,31,,,,,,48,,,,,,4,,,3,,,,,11,,3,28,59,,,,,,,,,,1,1
R121B,5,,5,4,13,21,,12,12,33,,,,,116,30,,,,,,50,,,,,,4,,,4,,,,,11,,2,33,72,,,,,,,,,,1,1
R121B_COMPANY,5,,5,4,13,4,,12,12,40,,,,,107,36,,,,,,55,,,,,,6,,,4,,,,,11,,3,33,72,,,,,,,,,,1,1
R121B_SUMM,1,,1,,13,4,,11,11,31,,,,,93,28,,,,,,47,,,,,,4,,,3,,,,,11,,2,28,59,,,,,,,,,,1,1
R121C,6,,6,5,1,31,,2,2,26,,,,,81,24,,,,,,23,,,,,,2,,,3,,,,,11,,1,12,32,,,,,,,,,,1,1
R121C_SUMM,2,,2,1,1,4,,1,1,24,,,,,48,22,,,,,,20,,,,,,2,,,2,,,,,11,,1,7,19,,,,,,,,,,1,1
R123D1,4,,4,3,4,15,,4,10,34,,,,,82,32,,,,,,43,,,,,,4,,,3,,,,,9,2,3,18,91,,,,,,,,,,1,1
F119_DOCTOR_YTD,,,,,2,2,,,,,,,,,5,,,,,,,2,,,,,,,,,,,,,,,,,2,2,,,,,,,,,,2,
R124B_XLS,3,,3,2,21,23,,14,42,31,,,,,137,30,,,,,,88,,,,,,5,,,5,,,,,11,,4,55,203,,,,,,,,,,1,1
R125,4,,4,4,6,11,,4,12,29,,,,,83,29,1,,,,,28,,,,,,2,,,5,,,,,9,4,2,20,40,,,,,,,,,,1,1
R132,1,,1,,,3,,,,8,,,,,28,11,,,,,,4,,,,,,1,,,1,,,,,9,,,3,3,,,,,,,,,,1,1
R133,1,,1,,,2,,,,1,,,,,17,1,,,,,,4,,,,,,2,,,1,,,,,9,,,3,3,,,,,,,,,,1,1
R135A,7,,6,10,2,7,,2,2,10,,,,,37,12,,,,,,5,,,,,,1,,,3,,,,,2,,,14,37,,,,,1,,,,,1,1
R135B,1,,1,,2,4,,1,1,39,,,,,67,38,,,,,,28,,,,,,3,,,2,,,,,10,2,2,7,20,,,,,,,,,,1,
R136,1,,1,,,2,,,,21,,,,,40,20,,,,,,16,,,,,,2,,,1,,,,,12,,2,4,4,,,,,,,,,,1,1
R137A,2,,2,,,15,,2,10,18,,,,,60,19,2,,,,,18,,,,,,3,,,3,,,,,13,,,9,19,,,,,,,,,,1,1
R137B,2,,2,,,6,,2,10,18,,,,,47,19,2,,,,,18,,,,,,3,,,3,,,,,10,,,9,19,,,,,,,,,,1,
R138_CSV,1,,1,,24,62,,7,7,2,,,,,144,2,,,,,,41,,,,,,2,,,8,,,,,9,,3,35,212,,,,,,,,,,1,1
R139_CSV,1,,1,,52,68,,20,20,2,,,,,254,2,,,,,,85,,,,,,2,,,21,,,,,9,,3,76,458,,,,,,,,,,1,1
R140_A1F,1,,1,,,,,,,5,,,,,17,5,,,,,,4,,,,,,1,,,1,,,,,8,,,4,4,,,,,,,,,,1,1
R140_A2G,1,,1,,2,2,,1,1,5,,,,,30,5,,,,,,7,,,,,,2,,,2,,,,,10,,,8,12,,,,,,,,,,1,1
R140_A3C,1,,1,,,,,,,2,,,,,16,2,,,,,,5,,,,,,1,,,1,,,,,10,,,5,5,,,,,,,,,,1,1
R140_A4T,1,,1,,,,,,,2,,,,,16,2,,,,,,5,,,,,,1,,,1,,,,,10,,,5,5,,,,,,,,,,1,1
R140_E,1,,1,,1,35,,,,45,,,,,97,42,,,,,,39,,,,,,7,,,1,,,,,8,,3,5,18,,,,,,,,,,1,1
R140W3,1,,1,,,14,,1,3,23,,,,,57,21,,,,,,22,,,,,,4,,,2,,,,,10,,3,6,10,,,,,,,,,,1,1
R141B1,1,,1,,,16,,,,52,,,,,84,51,,,,,,43,,,,,,3,,,1,,,,,11,,,4,4,,,,,,,,,,1,1
R141B2,1,,1,,,,,,,40,,,,,53,38,,,,,,26,,,,,,4,,,1,,,,,8,,2,4,4,,,,,,,,,,1,
R141D,1,,1,,,6,,,,12,,,,,32,10,,,,,,11,,,,,,4,,,1,,,,,10,,,4,4,,,,,,,,,,1,1
R151,5,,4,3,4,20,,5,11,42,,,,,105,43,,,,,,40,,,,,,5,,,4,,,,,10,2,2,19,79,,,,,1,,,,,1,1
R151D,2,,2,1,,6,,1,1,13,,,,,35,13,,,,,,3,,,,,,1,,,2,,,,,7,,2,4,7,,,,,,,,,,1,1
R151E,2,,2,1,,,,1,1,13,,,,,28,13,,,,,,3,,,,,,1,,,2,,,,,7,,2,4,7,,,,,,,,,,1,
R151F,2,,2,1,,,,1,1,13,,,,,28,13,,,,,,3,,,,,,1,,,2,,,,,7,,2,4,7,,,,,,,,,,1,
DEF_CLMHDR_STATUS,,,,,9,13,,,,,,,,,23,,,,,,,9,,,,,,,,,,,,,,,,,9,9,,,,,,,,,,2,
R702,3,,2,2,27,73,,10,30,19,,,,,168,19,,,,,,47,,,,,,1,,,6,,,,,3,,1,47,205,,,,,1,,,,,1,1
R707,1,,1,,,22,,,,30,,,,,66,29,,,,,,22,,,,,,2,,,1,,,,,10,,,4,4,,,,,,,,,,1,1
R709A,1,,1,,14,30,,1,25,10,,,,,73,8,,,,,,51,,,,,,2,,,2,,,,,11,,2,31,206,,,,,,,,,,1,1
R709B,1,,1,,22,46,,1,33,10,,,,,98,8,,,,,,70,,,,,,2,,,2,,,,,11,,2,43,297,,,,,,,,,,1,1
R710,2,,2,1,,11,,1,1,22,,,,,51,20,,,,,,16,,,,,,3,,,2,,,,,9,1,1,5,8,,,,,,,,,,1,1
F002_CONSECUTIVE_DATES,,,,,2,8,,1,1,,,,,,17,,,,,,,2,,,,,,,,,1,,,,,,,,3,5,,,,,,,,,,2,
R712,3,,3,4,,17,,1,1,63,,,,,102,63,,,,,,37,,,,,,3,,,2,,,,,9,,2,9,15,,,,,,,,,,1,1
R716A,3,,3,3,12,28,,3,5,20,,,,,91,20,,,,,,13,,,,,,1,,,4,,,,,10,,,23,44,,,,,,,,,,1,1
DEF_CLMDTL_STATUS,,,,,4,2,,,,,,,,,7,,,,,,,4,,,,,,,,,,,,,,,,,4,4,,,,,,,,,,2,
R716B,2,,2,2,9,20,,3,5,10,,,,,71,10,,,,,,10,,,,,,1,,,4,,,,,10,,,19,29,,,,,,,,,,1,1
R716C1,1,,1,,2,13,,,,3,,,,,33,3,,,,,,6,,,,,,1,,,1,,,,,10,,2,6,13,,,,,,,,,,1,1
R716C2,1,,1,,2,,,1,1,15,,,,,35,14,,,,,,16,,,,,,2,,,2,,,,,10,,2,7,16,,,,,,,,,,1,
R717__PASS1,2,,1,,,8,,1,1,3,,,1,,31,3,,,,,,5,,,,,,1,,,2,,,,,9,1,2,5,7,,,,,1,,,,,1,1
R717__PASS2,2,,2,2,,,,1,1,20,,,1,,27,19,,,,,,13,,,,,,2,,,2,,,,,,,,3,7,,,,,,,,,,1,
R801A,1,,1,,2,11,,1,5,30,,,,,66,29,,,,,,28,,,,,,6,,,2,,,,,10,4,2,9,29,,,,,,,,,,1,1
R801B,1,,1,,2,13,,1,5,30,,,,,68,29,,,,,,28,,,,,,6,,,2,,,,,10,4,2,9,29,,,,,,,,,,1,1
R801C,1,,1,,2,10,,1,11,20,,,,,52,19,,,,,,25,,,,,,3,,,2,,,,,10,4,3,12,38,,,,,,,,,,1,1
R921B,1,,1,,,5,,,,6,,,,,26,5,,,,,,8,,,,,,3,,,1,,,,,10,,3,4,4,,,,,,,,,,1,1
R950A,5,,4,4,2,24,,3,21,20,,,,,69,21,,,,,,22,,,,,,1,,,4,,,,,3,,,15,93,,,,,1,,,,,1,1
R950B,4,,3,4,8,30,,7,27,10,,,,,93,10,,,,,,31,,,,,,1,,,8,,,,,5,,2,26,117,,,,,1,,,,,1,1
R950C,1,,1,,2,34,,,,52,,,,,104,48,,,,,,24,,,,,,6,,,1,,,,,10,2,2,6,8,,,,,,,,,,1,1
R950C__PASS2,,1,,,,,,,,,,,1,,2,,,,,,,,,,,,,,,,1,,,,,,,,,,,,,,,,,,,1,
R990,1,,1,,,8,,1,7,,,,,,21,,,,,,,6,,,,,,1,,,2,,,,,5,,,6,14,,,,,,,,,,1,1
R997B,4,,3,2,5,33,,2,2,24,,,,,83,24,,,,,,14,,,,,,1,,,3,,,,,3,,,9,64,,,,,1,,,,,1,1
R997C,3,,1,,,,,,,,,,,,7,,,,,,,,,,,,,1,,,1,,,,,,,6,,,,,,,1,,,,,1,
R997D,3,,2,1,2,12,,,,24,,,,,43,24,,,,,,6,,,,,,1,,,1,,,,,,,,3,27,,,,,1,,,,,1,
R997E,3,,1,,,3,,,,,,,,,10,,,,,,,,,,,,,1,,,1,,,,,,,6,,,,,,,1,,,,,1,
R997F,2,,2,1,4,9,,2,2,56,,,,,96,55,,,,,,46,,,,,,3,,,3,,,,,10,2,2,11,49,,,,,,,,,,1,
R997G,1,,1,,,10,,,,71,,,,,95,70,,,,,,44,,,,,,3,,,1,,,,,9,8,6,4,4,,,,,,,,,,1,
R997H,1,,1,,,1,,,,18,,,,,30,16,,,,,,15,,,,,,2,,,1,,,,,9,,,4,4,,,,,,,,,,1,
R997I,1,,1,,10,6,,8,12,21,,,,,71,20,,,,,,35,,,,,,3,,,2,,,,,10,,1,23,43,,,,,,,,,,1,
R997J,1,,1,,,1,,,,6,,,,,19,5,,,,,,7,,,,,,2,,,1,,,,,9,,,4,4,,,,,,,,,,1,
R997K,1,,1,,,16,,,,71,,,,,102,70,,,,,,44,,,,,,3,,,1,,,,,10,8,6,4,4,,,,,,,,,,1,
R997_CLINIC22_84J_A,2,,2,5,,23,,1,11,65,,,,,108,64,,,,,,57,,,,,,3,,,2,,,,,10,1,2,14,55,,,,,,,,,,1,1
R997_CLINIC22_84J_B,2,,2,5,,16,,1,13,65,,,,,90,64,,,,,,54,,,,,,3,,,2,,,,,,1,2,11,54,,,,,,,,,,1,
R997_PAID,2,,2,1,4,7,,2,6,18,,,,,55,16,,,,,,22,,,,,,2,,,3,,,,,12,,1,13,45,,,,,,,,,,1,1
R997_PORTAL_A,1,,1,,3,69,,1,1,81,,,,,174,79,,,,,,51,,,,,,4,,,2,,,,,9,8,7,8,21,,,,,,,,,,1,1
R997_PORTAL_B,1,,1,,,,,,,46,,,,,58,44,,,,,,43,,,,,,2,,,1,,,,,9,1,6,4,4,,,,,,,,,,1,
R997_PORTAL_SS__PASS1,2,,2,2,32,18,,7,15,,,,1,,106,,,,,,,78,,,,,,,,,8,,,,,12,,8,47,300,,,,,,,,,,1,1
R997F_SUMM,1,,1,,,4,,,,23,,,,,40,20,,,,,,17,,,,,,3,,,1,,,,,9,,2,4,4,,,,,,,,,,1,1
R997G_SUMM,1,,1,,,2,,,,27,,,,,41,24,,,,,,19,,,,,,3,,,1,,,,,9,,1,4,4,,,,,,,,,,1,
R997K_SUMM,1,,1,,,2,,,,27,,,,,41,24,,,,,,19,,,,,,3,,,1,,,,,9,,1,4,4,,,,,,,,,,1,
R997_TOTAL,3,,3,6,8,7,,8,24,31,,,,,101,29,,,,,,47,,,,,,2,,,9,,,,,12,,,34,100,,,,,,,,,,1,1
R997A,2,,1,,1,8,,,,13,,,,,29,13,,,,,,,,,,,,1,,,1,,,,,1,,,1,1,,,,,1,,,,,1,1
RMAPRICE,1,,1,,4,9,,,,11,,,,,34,11,,,,,,6,,,,,,1,,,1,,,,,6,,,6,18,,,,,,,,,,1,1
RU701_ACR,2,,2,,1,7,,,,30,,,,,55,24,,,,,,21,,,,,,7,,,1,,,,,12,,8,5,9,,,,,,,,,,1,1
SIGNATURELABELS,1,,1,,3,8,,1,49,10,,,,,47,13,,,,,,25,,,,,,2,,,2,,,,,10,,3,22,61,,,,,,,,,,1,1
SOLO_PAYMENTS,2,,2,1,,1,,1,37,29,,,,,53,26,,,,,,38,,,,,,3,,,2,,,,,15,,3,23,60,,,,,,,,,,1,1
SUSPEND_AGENT,1,,1,,,4,,1,1,24,,,,,48,21,,,,,,21,,,,,,3,,,2,,,,,12,,2,5,7,,,,,,,,,,1,1
SUSPEND_AGENT_DETAIL,1,,1,,2,13,,2,2,68,,,,,107,65,,,,,,42,,,,,,4,,,2,,,,,12,,5,8,12,,,,,,,,,,1,1
SUSPEND_DESC,4,,4,5,2,2,,2,12,16,,,,,48,13,,,,,,15,,,,,,3,,,3,,,,,13,,2,16,47,,,,,,,,,,1,1
SUSPEND_DTL1,4,,4,4,24,44,,15,39,106,,,,,255,101,,,,,,125,,,,,,5,,,10,,,,,13,3,5,59,282,,,,,,,,,,1,1
SUSPEND_DTL2,1,,1,,,2,,,,28,,,,,34,25,,,,,,18,,,,,,3,,,1,,,,,2,,,,,,,,,,,,,,1,
SUSPEND_STATUS,1,,1,,3,4,,4,8,9,,,,,45,7,,,,,,17,,,,,,2,,,3,,,,,12,,1,13,25,,,,,,,,,,1,1
SUSPEND_SUFFIX,1,,1,,,3,,1,17,30,,,,,51,29,,,,,,27,,,,,,3,,,2,,,,,8,2,2,10,22,,,,,,,,,,1,1
SUSPEND_TOTAL1,3,,3,3,4,50,,3,11,42,,,,,130,39,,,,,,27,,,,,,3,,,4,,,,,13,1,4,16,36,,,,,,,,,,1,1
SUSPEND_TOTAL2,,,,,,,,,,28,,,,,30,25,,,,,,18,,,,,,3,,,1,,,,,,2,3,,,,,,,,,,,,1,
T4A_ADDRLABELS_1,3,,2,1,37,11,,36,134,9,,,,,180,14,,,,,,62,,,,,,1,,,12,,,,,3,,,103,255,,,,,1,,,,,1,1
T4A_ADDRLABELS_2,2,,1,,,7,,,,8,,,,,33,8,,,,,,4,,,,,,1,,,1,,,,,11,1,1,4,4,,,,,1,,,,,1,1
T4A_ADDRLABELS_3,2,,2,1,,7,,,,13,,,,,35,13,,,,,,10,,,,,,1,,,1,,,,,11,,,5,6,,,,,,,,,,1,1
U030AA3,4,,4,8,1,43,,2,12,4,,,,,67,4,,,,,,21,,,,,,1,,,3,,,,,7,,,16,86,,,,,,,,,,1,1
U100_B,1,,1,,,80,,,,9,,,,,106,8,,,,,,10,,,,,,3,,,1,,,,,13,,,4,4,,,,,,,,,,1,1
U100_C,1,,1,,,4,,,,9,,,,,16,8,,,,,,6,,,,,,3,,,1,,,,,,,,,,,,,,,,,,,1,
U100_D,3,,3,1,,25,,1,8,17,,,,,51,17,2,,,,,9,,,,,,3,,,2,,,,,,,1,5,15,,,,,,,,,,1,
U100_E,3,,3,3,,3,,1,7,21,,,,,33,21,2,,,,,13,,,,,,3,,,2,,,,,,,1,7,20,,,,,,,,,,1,
U100_F,2,,2,1,,1,,1,2,12,,,,,21,11,,,,,,6,,,,,,3,,,2,,,,,,,1,2,6,,,,,,,,,,1,
U100_B__PASS1,4,,3,2,,18,,1,41,11,,,1,,44,12,,,,,,11,,,,,,1,,,2,,,,,2,,1,13,39,,,,,1,,,,,1,1
U100_B__PASS2,2,,1,,1,2,,,,12,,,1,,21,12,,,,,,1,,,,,,1,,,1,,,,,,2,2,1,1,,,,,1,,,,,1,
U100_B__PASS3,2,,1,,,3,,1,1,6,,,1,,18,6,,,,,,1,,,,,,1,,,2,,,,,,,,1,3,,,,,1,,,,,1,
U100_B__PASS4,3,,1,,,4,,1,3,,,,1,,14,,,,,,,2,,,,,,1,,,2,,,,,,,,2,6,,,,,1,,,,,1,
U100_B__PASS5,4,,3,2,,5,,1,41,12,,,1,,26,12,,,,,,10,,,,,,1,,,2,,,,,,,,13,37,,,,,1,,,,,1,
U100_B__PASS6,1,,1,,,4,,,,23,,,1,,39,21,,,,,,13,,,,,,4,,,1,,,,,8,,1,4,4,,,,,,,,,,1,
U100_C__PASS1,2,,2,,,2,,,,15,,,1,,33,15,1,,,,,10,,,,,,3,,,1,,,,,10,,1,4,4,,,,,,,,,,1,1
U111A,2,,1,,,13,,,,6,,,,,29,6,,,,,,,,,,,,1,,,1,,,,,3,1,2,,,,,,,1,,,,,1,1
U140_K,3,,2,1,9,28,,3,3,19,,,,,85,19,,,,,,11,,,,,,1,,,4,,,,,7,,,15,29,,,,,1,,,,,1,1
UTL00013A,2,,1,,4,16,,1,77,5,,,,,43,8,1,,,,,36,,,,,,1,,,2,,,,,2,,1,36,123,,,,,1,,,,,1,1
UTL00013B,2,,2,3,,,,1,5,9,,,,,26,7,,,,,,11,,,,,,2,,,2,,,,,10,3,1,10,19,,,,,,,,,,1,
UTL0004,2,,2,1,5,4,,1,3,9,,,,,40,10,1,,,,,18,,,,,,1,,,2,,,,,11,,2,12,63,,,,,,,,,,1,1
UTL0006,4,,4,3,10,19,,8,14,41,,,,,107,39,1,,,,,41,,,,,,5,,,3,,,,,9,4,2,27,62,,,,,,,,,,1,1
UTL0006_70,4,,4,3,8,6,,6,12,41,,,,,88,39,1,,,,,37,,,,,,5,,,3,,,,,9,4,2,23,54,,,,,,,,,,1,1
UTL0006A,4,,4,3,10,18,,8,14,41,,,,,106,39,1,,,,,42,,,,,,5,,,3,,,,,9,4,2,27,62,,,,,,,,,,1,1
UTL0006A_70,4,,4,3,8,6,,6,12,41,,,,,88,39,1,,,,,38,,,,,,5,,,3,,,,,9,4,2,23,54,,,,,,,,,,1,1
UTL0007,3,,3,2,7,17,,1,3,55,,,,,99,53,1,,,,,33,,,,,,5,,,2,,,,,9,3,2,15,96,,,,,,,,,,1,1
UTL0007_70,3,,3,2,7,7,,1,7,56,,,,,90,54,1,,,,,35,,,,,,5,,,2,,,,,9,3,2,16,99,,,,,,,,,,1,1
UTL0007A_70,3,,3,2,7,7,,1,7,56,,,,,90,54,1,,,,,35,,,,,,5,,,2,,,,,9,3,2,16,99,,,,,,,,,,1,1
UTL0012_A,3,,2,1,,7,,1,2,12,,,,,31,12,1,,,,,1,,,,,,1,,,2,,,,,2,,,2,6,,,,,1,,,,,1,1
UTL0012_B,1,,1,,,,,,,,,,,,9,,,,,,,4,,,,,,1,,,1,,,,,6,,,4,4,,,,,,,,,,1,
UTL0012C,3,,3,2,1,2,,2,2,1,,,1,,19,1,,,,,,4,,,,,,1,,,3,,,,,2,,,5,21,,,,,,,,,,1,1
UTL0021__PASS1,1,,1,,,14,,1,9,11,,,1,,44,11,,,,,,5,,,,,,1,,,2,,,,,11,,,10,20,,,,,,,,,,1,1
UTL0021__PASS2,1,1,1,,,,,1,3,5,,,1,,20,5,,,,,,4,,,,,,1,,,2,,,,,7,,,6,10,,,,,,,,,,1,
UTL0101,1,,1,,,10,,,,8,,,,,32,8,,,,,,8,,,,,,2,,,1,,,,,9,,,4,4,,,,,,,,,,1,1
UTL0201_1,4,,3,2,5,20,,6,16,8,,,,,58,8,,,,,,38,,,,,,1,,,3,,,,,2,,,18,153,,,,,1,,,,,1,1
UTL0201_2,1,,1,,,,,,,20,,,,,33,19,,,,,,14,,,,,,4,,,1,,,,,8,,3,4,4,,,,,,,,,,1,
UTL0201_3,2,,2,3,1,7,,1,1,23,,,,,48,22,,,,,,17,,,,,,4,,,2,,,,,8,,3,9,19,,,,,,,,,,1,
UTL0F020_OHIP_SIN,2,,2,1,,2,,,,24,,,,,42,22,,,,,,18,,,,,,4,,,1,,,,,10,1,1,5,24,,,,,,,,,,1,1
WEB_BEFORE_AFTER,1,,1,,8,14,,8,8,43,,,,,120,41,,,,,,38,,,,,,4,,,8,,,,,12,,4,20,36,,,,,,,,,,1,1
WEBOMAFEE,1,,1,,1,1,,,,22,,,,,39,21,,,,,,7,,,,,,2,,,1,,,,,10,,1,5,5,,,,,,,,,,1,1
WEBPATIENTS,2,,2,1,17,5,,14,14,18,,,,,97,21,2,,,,,42,,,,,,1,,,4,,,,,10,,1,36,105,,,,,,,,,,1,1
WEBPATIENTS_DOC,2,,2,1,23,19,,18,18,25,,,,,142,27,5,,,,,48,,,,,,1,,,8,,,,,10,,1,46,128,,,,,,,,,,1,1
R134A,6,,5,10,,15,,3,3,10,,,,,47,12,,,,,,5,,,,,,1,,,4,,,,,2,,,13,29,,,,,1,,,,,1,1
R134B,1,,1,,2,6,,1,1,40,,,,,69,38,,,,,,28,,,,,,3,,,2,,,,,10,2,2,7,20,,,,,,,,,,1,
R022A8,4,,3,7,5,28,,3,3,26,,,,,84,26,,,,,,14,,,,,,1,,,4,,,,,3,1,4,15,54,,,,,1,,,,,1,1
AUDIT_F050HIST,2,,2,1,16,6,,12,12,35,,,,,131,34,1,,,,,30,,,,,,3,,,13,,,,,8,,3,33,83,,,,,,,,,,1,1
AUDIT_F050TPHIST,2,,2,1,8,4,,,,37,,,,,64,36,1,,,,,26,,,,,,3,,,1,,,,,9,,3,12,142,,,,,,,,,,1,1
AUDITDOC1,2,,1,,8,14,,9,35,2,,,,,59,2,,,,,,25,,,,,,1,,,4,,,,,2,1,2,25,76,,,,,1,,,,,1,1
AUDITDOC2,1,,1,,,,,,,18,,,,,28,15,,,,,,15,,,,,,3,,,1,,,,,7,,1,4,4,,,,,,,,,,1,
BILLINGLIST,2,,2,1,1,23,,1,55,51,,,,,102,53,,,,,,44,,,,,,3,,,2,,,,,10,,1,23,77,,,,,,,,,,1,1
CHECK_F001_F002_ALL_1,3,,2,2,1,4,,2,2,21,,,,,43,21,,,,,,4,,,,,,1,,,3,,,,,2,4,1,5,12,,,,,1,,,,,1,1
CHECK_F001_F002_ALL_2,1,,1,,2,8,,2,38,38,,,,,70,36,,,,,,34,,,,,,2,,,3,,,,,10,,,20,52,,,,,,,,,,1,
CHECK_F001_F002_ALL_3,3,,2,2,9,2,,5,21,23,,,,,67,23,,,,,,40,,,,,,1,,,6,,,,,,3,1,24,144,,,,,1,,,,,1,
CHECK_F001_F002_ALL_4,1,,1,,2,8,,2,34,34,,,,,66,32,,,,,,32,,,,,,2,,,3,,,,,10,,,18,46,,,,,,,,,,1,
CHECK_F001_F002_ALL_5,3,,2,2,,3,,1,3,6,,,,,19,6,,,,,,3,,,,,,1,,,2,,,,,,2,2,4,10,,,,,1,,,,,1,
CHECK_F001_F002_ALL_6,2,,2,5,2,,,2,32,20,,,,,44,18,,,,,,26,,,,,,2,,,3,,,,,10,,,22,53,,,,,,,,,,1,
CHECK_SUSP_DTL,2,,2,2,1,2,,1,17,9,,,,,26,8,,,,,,11,,,,,,3,,,2,,,,,6,,,12,44,,,,,,,,,,1,1
CHECKF001_F090__PASS1,3,,2,1,,2,,1,2,4,,,1,,18,4,,,,,,2,,,,,,1,,,2,,,,,2,,,2,20,,,,,1,,,,,1,1
CHECKF001_F090__PASS2,1,,1,,,,,,,,,,1,,3,,,,,,,,,,,,,1,,,1,,,,,,,,,,,,,,,,,,,1,
COSTING1,2,,2,1,3,9,,,,35,,,,,62,34,,,,,,8,,,,,,1,,,1,,,,,11,,1,8,19,,,,,,,,,,1,1
COSTING10,4,,4,3,6,27,,2,2,86,,,,,142,84,,,,,,35,,,,,,2,,,2,,,,,11,,1,15,32,,,,,,,,,,1,1
COSTING11,4,,4,4,1,18,,1,5,66,,,,,103,60,,,,,,45,,,,,,6,,,2,,,,,10,12,3,12,33,,,,,,,,,,1,1
COSTING6A,2,,2,1,3,8,,,,23,,,,,49,22,,,,,,8,,,,,,1,,,1,,,,,11,,1,8,19,,,,,,,,,,1,1
COSTREV26,2,,2,1,5,9,,3,7,26,,,,,67,25,1,,,,,10,,,,,,2,,,4,,,,,7,,1,13,42,,,,,,,,,,1,1
SEL_PED_F002_DTL_CLAIMS,,,,,1,9,,1,7,,,,,,20,4,1,,,,,4,,,,,,,,,1,,,,,,,,5,19,,,,,,,,,,2,
CREATE_CLAIMS_SUBA,2,,1,,,15,,,,11,,,,,36,11,,,,,,,,,,,,1,,,1,,,,,3,,,,,,,,,1,,,,,1,1
CREATE_CLAIMS_SUBB,3,,2,5,,,,1,1,19,,,,,28,19,,,,,,4,,,,,,1,,,2,,,,,,,,6,13,,,,,1,,,,,1,
CREATE_CLAIMS_SUBC,3,,2,1,,6,,,,39,,,,,50,39,,,,,,,,,,,,1,,,1,,,,,,,,1,2,,,,,1,,,,,1,
DEBUGU114,1,,1,,,4,,,,,,,,,16,,,,,,,4,,,,,,1,,,1,,,,,8,,,4,4,,,,,,,,,,1,1
DEBUGU116CD1,1,,1,,,3,,,,43,,,,,58,43,,,,,,4,,,,,,1,,,1,,,,,8,,,4,4,,,,,,,,,,1,1
DEBUGU116CD2,1,,1,,,,,,,,,,,,11,,,,,,,4,,,,,,1,,,1,,,,,8,,,4,4,,,,,,,,,,1,
DEBUGU116CD34,1,,1,,,3,,,,,,,,,14,,,,,,,4,,,,,,1,,,1,,,,,8,,,4,4,,,,,,,,,,1,
DIFFAMT__PASS1,1,,1,,,2,,,,,,,1,,15,,,,,,,4,,,,,,1,,,1,,,,,9,,,4,4,,,,,,,,,,1,1
DIFFDATE__PASS1,1,,1,,,1,,,,,,,1,,14,,,,,,,4,,,,,,1,,,1,,,,,9,,,4,4,,,,,,,,,,1,1
DOCREV,1,,1,,18,11,,12,12,18,,,,,122,18,,,,,,16,,,,,,1,,,13,,,,,10,,1,34,114,,,,,,,,,,1,1
DOCREVALL,1,,1,,,,,,,6,,,,,19,5,,,,,,4,,,,,,1,,,1,,,,,9,,1,3,3,,,,,,,,,,1,1
DUMP_TECH1,4,,3,2,,11,,1,7,9,,,,,32,9,,,,,,10,,,,,,1,,,2,,,,,2,,,6,44,,,,,1,,,,,1,1
DUMP_TECH2,1,,1,,,1,,,,9,,,,,21,9,,,,,,4,,,,,,1,,,1,,,,,8,,,4,4,,,,,,,,,,1,
DUMPF119,1,,1,,,2,,,,,,,,,12,,,,,,,2,,,,,,1,,,1,,,,,5,,3,2,2,,,,,,,,,,1,1
DUMPF119YTD,1,,1,,,3,,1,1,6,,,,,23,6,,,,,,3,,,,,,1,,,2,,,,,5,,3,3,6,,,,,,,,,,1,1
KATHYF001STATUS,1,,1,,,6,,1,1,5,,,,,28,5,,,,,,4,,,,,,1,,,2,,,,,9,,,4,7,,,,,,,,,,1,1
MARIA_REJECTS3,4,,4,7,28,16,,26,40,8,,,,,130,7,,,,,,73,,,,,,2,,,5,,,,,11,2,4,70,168,,,,,,,,,,1,1
NEWSEMAIL,3,,3,4,3,10,,1,5,16,,,,,51,16,,,,,,8,,,,,,1,,,2,,,,,13,,1,14,32,,,,,,,,,,1,1
PAYCODE1A_CEILINGS,4,,4,3,,4,,1,3,24,,,,,46,23,1,,,,,20,,,,,,2,,,2,,,,,10,,,10,18,,,,,,,,,,1,1
PAYEFT,3,,3,2,,,,1,3,21,,,,,37,19,,,,,,17,,,,,,2,,,2,,,,,9,,,8,17,,,,,,,,,,1,1
PAYROLLLIST,2,,2,1,,12,,1,43,29,,,,,65,30,,,,,,31,,,,,,3,,,2,,,,,9,,1,18,52,,,,,,,,,,1,1
R004A,6,,5,5,6,25,,5,33,17,,,,,79,19,,,,,,22,,,,,,1,,,5,,,,,3,,,25,115,,,,,1,,,,,1,1
R004ATP,6,,5,5,6,27,,5,37,13,,,,,76,14,1,,,,,22,,,,,,1,,,5,,,,,3,,,25,114,,,,,1,,,,,1,1
R004ATP_70,6,,5,5,6,11,,5,37,13,,,,,60,14,1,,,,,22,,,,,,1,,,5,,,,,3,,,25,114,,,,,1,,,,,1,1
R004B,4,,3,4,72,15,,46,64,95,,,,,421,95,,,,,,64,,,,,,1,,,47,,,,,3,,,129,328,,,,,1,,,,,1,1
R004BTP,3,,3,4,21,35,,9,25,122,,,,,236,120,,,,,,98,,,,,,3,,,10,,,,,9,,6,45,124,,,,,,,,,,1,1
R004BTP_70,3,,3,4,21,9,,9,25,122,,,,,210,120,,,,,,98,,,,,,3,,,10,,,,,9,,6,45,124,,,,,,,,,,1,1
R004BTP_PORTAL,3,,3,4,22,77,,9,25,138,,,,,295,136,,,,,,101,,,,,,3,,,10,,,,,9,,5,46,136,,,,,,,,,,1,1
R004C,1,,1,,,19,,,,399,,,,,436,397,,,,,,177,,,,,,6,,,1,,,,,10,,7,4,4,,,,,,,,,,1,1
R004C_PORTAL,1,,1,,1,121,,,,195,,,,,333,193,,,,,,93,,,,,,4,,,1,,,,,10,,7,5,16,,,,,,,,,,1,1
R004C_PORTAL_SS,2,,2,2,47,25,,21,22,34,,,,,199,34,,,,,,131,,,,,,2,,,10,,,,,11,,7,74,467,,,,,,,,,,1,1
R004CTP,3,,3,4,19,14,,9,25,65,,,,,156,64,,,,,,60,,,,,,2,,,10,,,,,9,,2,43,115,,,,,,,,,,1,1
R004CTP_70,3,,3,4,19,9,,9,25,65,,,,,151,64,,,,,,60,,,,,,2,,,10,,,,,9,,2,43,115,,,,,,,,,,1,1
R004D,1,,1,,,8,,,,354,,,,,379,354,,,,,,148,,,,,,4,,,1,,,,,9,,2,4,4,,,,,,,,,,1,1
R004DTP,3,,3,4,19,14,,9,25,102,,,,,194,101,,,,,,81,,,,,,3,,,10,,,,,9,,1,43,115,,,,,,,,,,1,1
R004DTP_70,3,,3,4,19,9,,9,25,102,,,,,189,101,,,,,,81,,,,,,3,,,10,,,,,9,,1,43,115,,,,,,,,,,1,1
R005A_CSV,1,,1,,22,12,,6,6,14,,,,,100,14,,,,,,40,,,,,,2,,,7,,,,,10,,4,32,166,,,,,,,,,,1,1
R005B_CSV,1,,1,,20,3,,6,6,10,,,,,79,10,,,,,,34,,,,,,2,,,7,,,,,5,,1,28,150,,,,,,,,,,1,
R005C_CSV,1,,1,,,2,,,,11,,,,,19,10,,,,,,9,,,,,,2,,,1,,,,,3,,,2,2,,,,,,,,,,1,
R005ATP,4,,4,3,24,20,,13,17,74,,,,,163,72,1,,,,,82,,,,,,5,,,2,,,,,9,,4,46,164,,,,,,,,,,1,1
R005ATP_70,4,,4,3,24,10,,13,17,74,,,,,153,72,1,,,,,82,,,,,,5,,,2,,,,,9,,4,46,164,,,,,,,,,,1,1
R005BTP,4,,4,3,23,18,,13,17,50,,,,,137,50,1,,,,,70,,,,,,4,,,2,,,,,9,,2,45,156,,,,,,,,,,1,1
R005BTP_70,4,,4,3,23,9,,13,17,50,,,,,128,50,1,,,,,70,,,,,,4,,,2,,,,,9,,2,45,156,,,,,,,,,,1,1
R005CTP,4,,4,3,23,21,,13,17,42,,,,,132,42,1,,,,,66,,,,,,4,,,2,,,,,9,,1,45,156,,,,,,,,,,1,1
R005CTP_70,4,,4,3,23,9,,13,17,42,,,,,120,42,1,,,,,66,,,,,,4,,,2,,,,,9,,1,45,156,,,,,,,,,,1,1
R005DTP,4,,4,3,23,25,,13,17,42,,,,,136,42,1,,,,,66,,,,,,4,,,2,,,,,9,,1,45,156,,,,,,,,,,1,1
R005DTP_70,4,,4,3,23,9,,13,17,42,,,,,120,42,1,,,,,66,,,,,,4,,,2,,,,,9,,1,45,156,,,,,,,,,,1,1
R006ATP,5,,5,4,24,20,,13,17,77,,,,,166,75,1,,,,,84,,,,,,5,,,2,,,,,9,,4,47,166,,,,,,,,,,1,1
R006ATP_70,5,,5,4,24,10,,13,17,77,,,,,156,75,1,,,,,84,,,,,,5,,,2,,,,,9,,4,47,166,,,,,,,,,,1,1
R006BTP,5,,5,4,23,18,,13,17,50,,,,,137,50,1,,,,,70,,,,,,4,,,2,,,,,9,,2,46,158,,,,,,,,,,1,1
R006BTP_70,5,,5,4,23,9,,13,17,50,,,,,128,50,1,,,,,70,,,,,,4,,,2,,,,,9,,2,46,158,,,,,,,,,,1,1
R006CTP,5,,5,4,23,21,,13,17,42,,,,,132,42,1,,,,,66,,,,,,4,,,2,,,,,9,,1,46,158,,,,,,,,,,1,1
R006CTP_70,5,,5,4,23,9,,13,17,42,,,,,120,42,1,,,,,66,,,,,,4,,,2,,,,,9,,1,46,158,,,,,,,,,,1,1
R006DTP,5,,5,4,23,25,,13,17,42,,,,,136,42,1,,,,,66,,,,,,4,,,2,,,,,9,,1,46,158,,,,,,,,,,1,1
R006DTP_70,5,,5,4,23,9,,13,17,42,,,,,120,42,1,,,,,66,,,,,,4,,,2,,,,,9,,1,46,158,,,,,,,,,,1,1
R010CYCLE_1,2,,2,1,5,42,,1,3,92,,,,,161,89,,,,,,64,,,,,,4,,,2,,,,,11,,2,12,37,,,,,,,,,,1,1
R010CYCLE_2,1,,1,,,,,,,5,,,,,7,4,,,,,,3,,,,,,1,,,1,,,,,,,,,,,,,,,,,,,1,
R010CYCLE_3,2,,2,1,5,22,,2,6,9,,,,,48,8,,,,,,9,,,,,,1,,,3,,,,,,,,10,39,,,,,,,,,,1,
R010CYCLE_4,2,,2,1,5,16,,2,6,9,,,,,42,8,,,,,,9,,,,,,1,,,3,,,,,,,,10,39,,,,,,,,,,1,
R010DAILY_1,2,,2,1,5,43,,1,3,92,,,,,162,89,,,,,,64,,,,,,4,,,2,,,,,11,,1,12,37,,,,,,,,,,1,1
R010DAILY_2,1,,1,,,,,,,5,,,,,7,4,,,,,,3,,,,,,1,,,1,,,,,,,,,,,,,,,,,,,1,
R011A_CSV,2,,1,,10,16,,6,12,3,,,,,56,4,1,,,,,25,,,,,,1,,,3,,,,,2,,,19,92,,,,,1,,,,,1,1
R011B_CSV,4,,3,3,16,,,12,12,19,,,,,101,19,,,,,,12,,,,,,1,,,13,,,,,,17,2,31,98,,,,,1,,,,,1,
R011C_CSV,1,,1,,70,2,,24,24,38,,,,,266,38,,,,,,110,,,,,,2,,,25,,,,,8,,,98,576,,,,,,,,,,1,
R011D_CSV,1,,1,,,1,,,,53,,,,,64,52,,,,,,39,,,,,,2,,,1,,,,,7,,,4,4,,,,,,,,,,1,
R011A,4,,4,3,110,62,,92,188,187,,,,,841,186,1,,,,,233,,,,,,6,,,90,,,,,10,,4,257,795,,,,,,,,,,1,1
R011A_70,4,,4,3,110,10,,92,188,187,,,,,789,186,1,,,,,233,,,,,,6,,,90,,,,,10,,4,257,795,,,,,,,,,,1,1
R011B,4,,4,3,22,25,,16,16,73,,,,,209,73,1,,,,,57,,,,,,4,,,14,,,,,10,,2,45,163,,,,,,,,,,1,1
R011B_70,4,,4,3,22,10,,16,16,73,,,,,194,73,1,,,,,57,,,,,,4,,,14,,,,,10,,2,45,163,,,,,,,,,,1,1
R011C,4,,4,3,22,32,,16,16,65,,,,,206,64,1,,,,,53,,,,,,3,,,14,,,,,10,,1,45,163,,,,,,,,,,1,1
R011C_70,4,,4,3,22,10,,16,16,65,,,,,184,64,1,,,,,53,,,,,,3,,,14,,,,,10,,1,45,163,,,,,,,,,,1,1
R011MOHR,4,,4,3,110,47,,92,108,313,,,,,953,313,,,,,,236,,,,,,6,,,90,,,,,10,,4,217,599,,,,,,,,,,1,1
R012ATP,4,,4,3,42,22,,15,19,150,,,,,270,147,1,,,,,111,,,,,,5,,,4,,,,,9,,4,66,331,,,,,,,,,,1,1
R012ATP_70,4,,4,3,42,10,,15,19,150,,,,,258,147,1,,,,,111,,,,,,5,,,4,,,,,9,,4,66,331,,,,,,,,,,1,1
R012BTP,4,,4,3,42,19,,15,19,109,,,,,226,107,1,,,,,98,,,,,,4,,,4,,,,,9,,2,66,331,,,,,,,,,,1,1
R012BTP_70,4,,4,3,42,10,,15,19,109,,,,,217,107,1,,,,,98,,,,,,4,,,4,,,,,9,,2,66,331,,,,,,,,,,1,1
R012CTP,4,,4,3,42,26,,15,19,104,,,,,227,101,1,,,,,96,,,,,,4,,,4,,,,,9,,1,66,331,,,,,,,,,,1,1
R012CTP_70,4,,4,3,42,10,,15,19,104,,,,,211,101,1,,,,,96,,,,,,4,,,4,,,,,9,,1,66,331,,,,,,,,,,1,1
R013ATP,4,,4,3,42,19,,15,19,147,,,,,264,144,1,,,,,110,,,,,,5,,,4,,,,,9,,4,66,332,,,,,,,,,,1,1
R013ATP_70,4,,4,3,42,10,,15,19,147,,,,,255,144,1,,,,,110,,,,,,5,,,4,,,,,9,,4,66,332,,,,,,,,,,1,1
R013BTP,4,,4,3,42,19,,15,19,109,,,,,226,107,1,,,,,98,,,,,,4,,,4,,,,,9,,2,66,332,,,,,,,,,,1,1
R013BTP_70,4,,4,3,42,10,,15,19,109,,,,,217,107,1,,,,,98,,,,,,4,,,4,,,,,9,,2,66,332,,,,,,,,,,1,1
R013CTP,4,,4,3,42,26,,15,19,104,,,,,227,101,1,,,,,96,,,,,,4,,,4,,,,,9,,1,66,332,,,,,,,,,,1,1
R013CTP_70,4,,4,3,42,10,,15,19,104,,,,,211,101,1,,,,,96,,,,,,4,,,4,,,,,9,,1,66,332,,,,,,,,,,1,1
R015ATP,4,,4,3,44,21,,15,19,179,,,,,300,175,1,,,,,119,,,,,,6,,,4,,,,,9,,5,68,341,,,,,,,,,,1,1
R015ATP_70,4,,4,3,44,10,,15,19,179,,,,,289,175,1,,,,,119,,,,,,6,,,4,,,,,9,,5,68,341,,,,,,,,,,1,1
R015BTP,4,,4,3,43,20,,15,19,109,,,,,228,107,1,,,,,99,,,,,,4,,,4,,,,,9,,2,67,333,,,,,,,,,,1,1
R015BTP_70,4,,4,3,43,10,,15,19,109,,,,,218,107,1,,,,,99,,,,,,4,,,4,,,,,9,,2,67,333,,,,,,,,,,1,1
R015CTP,4,,4,3,43,27,,15,19,104,,,,,229,101,1,,,,,97,,,,,,4,,,4,,,,,9,,1,67,333,,,,,,,,,,1,1
R015CTP_70,4,,4,3,43,10,,15,19,104,,,,,212,101,1,,,,,97,,,,,,4,,,4,,,,,9,,1,67,333,,,,,,,,,,1,1
R020A2,3,,2,3,,60,,2,10,13,,,,,91,13,,,,,,15,,,,,,1,,,3,,,,,3,1,2,9,55,,,,,1,,,,,1,1
R020A3,3,,3,4,6,24,,4,4,53,,,,,120,53,,,,,,65,,,,,,2,,,5,,,,,12,,2,18,92,,,,,,,,,,1,
R020E1,3,,2,1,7,27,,5,7,12,,,,,76,12,,,,,,12,,,,,,1,,,4,,,,,3,,,14,32,,,,,1,,,,,1,1
R020E2,2,,1,,1,2,,,,10,,,,,21,10,,,,,,1,,,,,,1,,,1,,,,,2,9,3,1,10,,,,,1,,,,,1,
R020E3,2,,1,,2,1,,1,3,10,,,,,26,10,,,,,,3,,,,,,1,,,2,,,,,2,,,4,10,,,,,1,,,,,1,
R020E4,2,,1,,4,1,,1,3,10,,,,,29,10,,,,,,5,,,,,,1,,,2,,,,,2,1,3,6,12,,,,,1,,,,,1,
R020E5,3,,3,4,2,6,,3,11,41,,,,,76,40,,,,,,37,,,,,,3,,,4,,,,,9,8,3,17,42,,,,,,,,,,1,
R020E6,2,,2,1,12,10,,10,12,69,,,,,148,67,,,,,,58,,,,,,5,,,8,,,,,9,1,4,28,53,,,,,,,,,,1,
R020F,2,,2,1,1,14,,,,37,,,,,72,36,,,,,,29,,,,,,4,,,1,,,,,13,,3,8,16,,,,,,,,,,1,1
R021A_1,12,,11,10,,6,,1,69,14,,,,,33,14,,,,,,10,,,,,,1,,,2,,,,,3,,,30,110,,,,,1,,,,,1,1
R021A_2,12,,11,10,,,,1,69,14,,,,,23,14,,,,,,10,,,,,,1,,,2,,,,,,,,30,110,,,,,1,,,,,1,
R021A_3,1,,1,,,,,,,7,,,,,18,6,,,,,,9,,,,,,3,,,1,,,,,8,,,4,4,,,,,,,,,,1,
R021B,6,,6,8,3,134,,2,8,63,,,,,226,59,,,,,,45,,,,,,7,,,3,,,,,11,1,5,19,105,,,,,,,,,,1,1
R021C,3,,3,2,1,32,,,,81,,,,,132,77,,,,,,39,,,,,,7,,,1,,,,,11,1,5,7,39,,,,,,,,,,1,1
R022A2,3,,2,3,,22,,1,3,29,,,,,65,29,,,,,,7,,,,,,1,,,2,,,,,3,1,2,5,26,,,,,1,,,,,1,1
R022A3,2,,1,,,20,,1,1,28,,,,,61,28,,,,,,1,,,,,,1,,,2,,,,,3,,,1,3,,,,,1,,,,,1,1
R022A4,4,,3,2,12,30,,3,5,47,,,,,111,47,,,,,,11,,,,,,1,,,3,,,,,3,,,18,47,,,,,1,,,,,1,1
R022A5,3,,2,3,,24,,2,8,18,,,,,60,18,,,,,,14,,,,,,1,,,3,,,,,3,1,2,8,52,,,,,1,,,,,1,1
R022A6,1,,1,,,17,,,,19,,,,,51,18,,,,,,15,,,,,,2,,,1,,,,,10,,1,4,4,,,,,,,,,,1,1
R022A7,3,,2,3,16,20,,4,4,26,,,,,91,26,,,,,,27,,,,,,1,,,5,,,,,3,,,23,70,,,,,1,,,,,1,1
R022A9,2,,2,1,4,31,,2,2,76,,,,,138,73,,,,,,59,,,,,,5,,,2,,,,,13,,5,11,42,,,,,,,,,,1,1
R022E1,3,,2,5,12,17,,5,11,12,,,,,71,12,,,,,,23,,,,,,1,,,4,,,,,3,,,24,79,,,,,1,,,,,1,1
R022E2,2,,1,,1,1,,,,10,,,,,20,10,,,,,,1,,,,,,1,,,1,,,,,2,9,3,1,10,,,,,1,,,,,1,
R022E3,2,,1,,2,1,,1,3,10,,,,,26,10,,,,,,3,,,,,,1,,,2,,,,,2,,,4,10,,,,,1,,,,,1,
R022E4,2,,1,,4,1,,1,3,10,,,,,29,10,,,,,,5,,,,,,1,,,2,,,,,2,1,3,6,12,,,,,1,,,,,1,
R022E5,3,,3,4,2,3,,3,13,41,,,,,74,40,,,,,,37,,,,,,3,,,4,,,,,10,8,3,17,42,,,,,,,,,,1,
R022E6,2,,2,1,12,22,,10,12,68,,,,,152,66,,,,,,53,,,,,,5,,,8,,,,,2,1,4,24,49,,,,,,,,,,1,
R022F_1,3,,2,1,4,7,,2,34,15,,,,,48,18,3,,,,,16,,,,,,1,,,3,,,,,3,,,18,78,,,,,1,,,,,1,1
R022F_2,1,,1,,,,,,,36,,,,,48,32,,,,,,23,,,,,,5,,,1,,,,,8,,4,4,4,,,,,,,,,,1,
R022G_1,3,,2,1,4,8,,2,34,17,,,,,51,20,3,,,,,22,,,,,,1,,,3,,,,,3,,,18,99,,,,,1,,,,,1,1
R022G_2,1,,1,,2,9,,2,38,40,,,,,73,36,,,,,,42,,,,,,5,,,3,,,,,8,,4,21,51,,,,,,,,,,1,
R030D1,3,,3,2,10,54,,3,3,49,,,,,149,47,,,,,,44,,,,,,5,,,4,,,,,11,2,2,19,82,,,,,,,,,,1,1
R030D2,1,,1,,,,,,,5,,,,,9,5,,,,,,3,,,,,,1,,,1,,,,,1,,,,,,,,,,,,,,1,
R030E1,4,,4,5,7,111,,2,40,60,,,,,208,58,,,,,,61,,,,,,7,,,3,,,,,11,2,6,31,103,,,,,,,,,,1,1
R030E2,2,,2,1,4,26,,3,33,40,,,,,88,38,,,,,,38,,,,,,3,,,4,,,,,,,1,19,57,,,,,,,,,,1,
R030F1,5,,5,9,7,31,,3,7,60,,,,,129,58,,,,,,52,,,,,,6,,,3,,,,,11,2,2,25,87,,,,,,,,,,1,1
R030F2,2,,2,1,5,6,,3,15,41,,,,,71,39,,,,,,33,,,,,,3,,,4,,,,,,,1,15,43,,,,,,,,,,1,
R030H,1,,1,,,11,,,,14,,,,,41,13,,,,,,8,,,,,,3,,,1,,,,,11,,2,4,4,,,,,,,,,,1,1
R030I1,3,,2,1,,15,,1,2,5,,,,,33,5,,,,,,,,,,,,1,,,2,,,,,3,,,2,7,,,,,1,,,,,1,1
R030I2,1,,1,,,9,,,,19,,,,,42,18,,,,,,13,,,,,,3,,,1,,,,,10,,,4,4,,,,,,,,,,1,
R030I_2,1,,1,,1,14,,,,18,,,,,48,17,,,,,,16,,,,,,3,,,1,,,,,10,,,5,13,,,,,,,,,,1,1
R030I_3,1,,1,,,14,,,,21,,,,,51,20,,,,,,16,,,,,,3,,,1,,,,,10,1,1,4,4,,,,,,,,,,1,1
R030J,1,,1,,3,20,,1,7,18,,,,,60,16,,,,,,22,,,,,,3,,,2,,,,,11,,,10,41,,,,,,,,,,1,1
R030K,2,,2,1,1,25,,,,32,,,,,72,28,,,,,,22,,,,,,4,,,1,,,,,10,,2,6,14,,,,,,,,,,1,1
R030K_CSV,2,,2,1,17,8,,4,4,2,,,,,66,2,,,,,,34,,,,,,2,,,5,,,,,10,,2,26,162,,,,,,,,,,1,1
R030L,1,,1,,,9,,,,12,,,,,35,10,,,,,,11,,,,,,4,,,1,,,,,10,,,4,4,,,,,,,,,,1,1
R030M,2,,2,1,1,24,,,,32,,,,,71,28,,,,,,22,,,,,,4,,,1,,,,,10,,3,6,14,,,,,,,,,,1,1
R030N,3,,3,2,1,17,,2,3,22,,,,,61,19,,,,,,20,,,,,,3,,,3,,,,,10,,,9,40,,,,,,,,,,1,1
R030Q,2,,2,1,1,6,,,,27,,,,,48,24,,,,,,18,,,,,,3,,,1,,,,,10,,5,6,14,,,,,,,,,,1,1
R030R1,2,,2,1,1,6,,1,2,27,,,,,53,24,,,,,,19,,,,,,3,,,2,,,,,11,,3,7,19,,,,,,,,,,1,1
R030R2,3,,2,2,,,,1,3,4,,,,,13,4,,,,,,5,,,,,,1,,,2,,,,,,,,4,17,,,,,1,,,,,1,
R030R3,1,,1,,,,,,,22,,,,,24,19,,,,,,12,,,,,,3,,,1,,,,,,,,,,,,,,,,,,,1,
R031_BEFORE_UPDATE_1,1,,1,,2,29,,1,1,24,,,,,77,21,,,,,,34,,,,,,4,,,2,,,,,11,,2,7,81,,,,,,,,,,1,1
R031_BEFORE_UPDATE_2,1,,1,,2,2,,1,1,13,,,,,27,12,,,,,,24,,,,,,2,,,2,,,,,,,1,3,77,,,,,,,,,,1,
R031_BEFORE_UPDATE_3,2,,2,1,2,3,,2,3,25,,,,,42,22,,,,,,30,,,,,,3,,,3,,,,,,,,5,85,,,,,,,,,,1,
R031_PART2_BEFORE_UPDATE,2,,2,3,4,8,,1,1,36,,,,,68,32,,,,,,40,,,,,,4,,,2,,,,,10,,3,12,102,,,,,,,,,,1,1
R031A,1,,1,,,14,,,,1,,,,,30,1,,,,,,4,,,,,,2,,,1,,,,,10,,,3,3,,,,,,,,,,1,1
R031A_AGEP,3,,1,,4,38,,4,32,,,,,,68,1,,,,,,22,,,,,,1,,,3,,,,,3,,,22,76,,,,,1,,,,,1,1
R031B_AGEP_1,1,,1,,,27,,,,19,,,,,66,17,,,,,,15,,,,,,4,,,1,,,,,14,,2,4,4,,,,,,,,,,1,1
R031B_AGEP_2,1,,1,,,4,,,,16,,,,,25,15,,,,,,10,,,,,,3,,,1,,,,,,,1,,,,,,,,,,,,1,
R031C_1,1,,1,,,16,,,,6,,,,,37,5,,,,,,7,,,,,,3,,,1,,,,,10,,,4,4,,,,,,,,,,1,1
R031C_2,1,,1,,,4,,,,4,,,,,13,4,,,,,,,,,,,,2,,,1,,,,,,,2,,,,,,,,,,,,1,
R051A_TP_PER,2,,1,,9,9,,,,10,,,,,38,11,1,,,,,1,,,,,,1,,,1,,,,,2,1,1,9,122,,,,,1,,,,,1,1
R051A_TP_PER_70,2,,1,,9,6,,,,10,,,,,35,11,1,,,,,1,,,,,,1,,,1,,,,,2,1,1,9,122,,,,,1,,,,,1,1
R051B_TP_PER,3,,3,2,6,13,,,,55,,,,,88,53,,,,,,48,,,,,,3,,,1,,,,,9,,2,12,73,,,,,,,,,,1,1
R051B_TP_PER_70,3,,3,2,6,8,,,,55,,,,,83,53,,,,,,48,,,,,,3,,,1,,,,,9,,2,12,73,,,,,,,,,,1,1
R051CA_PORTAL,5,,5,4,19,25,,12,12,68,,,,,180,68,,,,,,59,,,,,,4,,,10,,,,,9,,5,39,112,,,,,,,,,,1,1
R051CAATP,5,,5,4,58,27,,47,63,129,,,,,437,127,1,,,,,119,,,,,,7,,,37,,,,,9,,5,121,1103,,,,,,,,,,1,1
R051CAATP_70,5,,5,4,58,10,,47,63,129,,,,,420,127,1,,,,,119,,,,,,7,,,37,,,,,9,,5,121,1103,,,,,,,,,,1,1
R051CABTP,5,,5,4,16,17,,6,6,59,,,,,130,57,1,,,,,47,,,,,,4,,,4,,,,,9,,2,30,208,,,,,,,,,,1,1
R051CABTP_70,5,,5,4,16,10,,6,6,59,,,,,123,57,1,,,,,47,,,,,,4,,,4,,,,,9,,2,30,208,,,,,,,,,,1,1
R051CACTP,5,,5,4,10,23,,2,2,48,,,,,107,46,1,,,,,31,,,,,,3,,,3,,,,,9,,1,20,183,,,,,,,,,,1,1
R051CACTP_70,5,,5,4,10,10,,2,2,48,,,,,94,46,1,,,,,31,,,,,,3,,,3,,,,,9,,1,20,183,,,,,,,,,,1,1
R051CB_PORTAL,5,,5,4,19,22,,12,12,72,,,,,181,72,,,,,,62,,,,,,4,,,10,,,,,9,,4,39,119,,,,,,,,,,1,1
R051CBATP,5,,5,4,56,14,,47,63,127,,,,,419,124,1,,,,,115,,,,,,7,,,37,,,,,9,,4,119,1092,,,,,,,,,,1,1
R051CBATP_70,5,,5,4,56,10,,47,63,127,,,,,415,124,1,,,,,115,,,,,,7,,,37,,,,,9,,4,119,1092,,,,,,,,,,1,1
R051CBBTP,5,,5,4,14,14,,6,6,59,,,,,125,57,1,,,,,45,,,,,,4,,,4,,,,,9,,2,28,199,,,,,,,,,,1,1
R051CBBTP_70,5,,5,4,14,10,,6,6,59,,,,,121,57,1,,,,,45,,,,,,4,,,4,,,,,9,,2,28,199,,,,,,,,,,1,1
R051CBCTP,5,,5,4,10,23,,2,2,46,,,,,105,44,1,,,,,30,,,,,,3,,,3,,,,,9,,1,20,182,,,,,,,,,,1,1
R051CBCTP_70,5,,5,4,10,10,,2,2,46,,,,,92,44,1,,,,,30,,,,,,3,,,3,,,,,9,,1,20,182,,,,,,,,,,1,1
R070A_CSV,6,,5,4,29,28,,17,47,19,,,,,151,23,3,,,,,54,,,,,,1,,,9,,,,,3,,,62,228,,,,,1,,,,,1,1
R070B_CSV,1,,1,,32,6,,11,11,2,,,,,121,2,,,,,,71,,,,,,2,,,12,,,,,13,,,47,385,,,,,,,,,,1,
R070C_CSV,1,,1,,,,,,,14,,,,,24,13,,,,,,13,,,,,,2,,,1,,,,,7,,,4,4,,,,,,,,,,1,
R070ATP,4,,3,2,26,35,,13,23,26,,,,,147,28,2,,,,,39,,,,,,1,,,7,,,,,3,1,1,46,175,,,,,1,,,,,1,1
R070ATP_70,4,,3,2,26,22,,13,23,26,,,,,134,28,2,,,,,39,,,,,,1,,,7,,,,,3,1,1,46,175,,,,,1,,,,,1,1
R070BTP,3,,2,3,1,11,,1,5,25,,,,,51,25,,,,,,6,,,,,,1,,,2,,,,,3,1,1,7,23,,,,,1,,,,,1,1
R070BTP_70,3,,2,3,1,7,,1,5,25,,,,,47,25,,,,,,6,,,,,,1,,,2,,,,,3,1,1,7,23,,,,,1,,,,,1,1
R070CTP,1,,1,,68,17,,58,66,271,,,,,665,270,,,,,,237,,,,,,6,,,59,,,,,9,,5,134,281,,,,,,,,,,1,1
R070CTP_70,1,,1,,68,10,,58,66,271,,,,,658,270,,,,,,237,,,,,,6,,,59,,,,,9,,5,134,281,,,,,,,,,,1,1
R070DTP,1,,1,,26,12,,21,21,112,,,,,271,111,,,,,,91,,,,,,3,,,22,,,,,9,,1,51,101,,,,,,,,,,1,1
R070DTP_70,1,,1,,26,9,,21,21,112,,,,,268,111,,,,,,91,,,,,,3,,,22,,,,,9,,1,51,101,,,,,,,,,,1,1
R085A,5,,4,7,1,24,,2,14,5,,,,,47,5,,,,,,13,,,,,,1,,,3,,,,,2,,,14,64,,,,,1,,,,,1,1
R085E_1,2,,1,,,92,,,,2,,,,,102,2,,,,,,1,,,,,,1,,,1,,,,,2,,,1,1,,,,,1,,,,,1,1
R085E_2,9,,8,11,3,56,,3,49,11,,,,,92,11,,,,,,27,,,,,,1,,,4,,,,,3,1,4,32,124,,,,,1,,,,,1,
R085E_3,,,,,33,134,,23,35,91,,,,,353,88,,,,,,140,,,,,,5,,,12,,,,,11,1,,66,175,,,,,,,,,,1,
R086,4,,4,7,8,41,,6,22,57,,,,,147,55,,,,,,71,,,,,,3,,,5,,,,,13,,4,31,120,,,,,,,,,,1,1
R087,6,,6,9,5,81,,3,33,52,,,,,169,50,,,,,,62,,,,,,2,,,4,,,,,13,,4,30,113,,,,,,,,,,1,1
R088,3,,3,2,4,35,,1,3,56,,,,,117,54,,,,,,57,,,,,,3,,,2,,,,,13,,2,12,70,,,,,,,,,,1,1
R088A,3,,3,2,4,36,,,,57,,,,,115,55,,,,,,52,,,,,,3,,,1,,,,,13,,2,10,50,,,,,,,,,,1,1
R089,4,,4,3,5,46,,1,3,58,,,,,131,56,,,,,,56,,,,,,3,,,2,,,,,13,,5,14,89,,,,,,,,,,1,1
R089_PORTAL,4,,4,3,6,86,,1,3,67,,,,,181,65,,,,,,59,,,,,,3,,,2,,,,,13,,4,15,101,,,,,,,,,,1,1
R093A,3,,2,1,17,33,,6,16,15,,,,,106,15,,,,,,25,,,,,,1,,,6,,,,,2,1,1,29,86,,,,,1,,,,,1,1
R093B,3,,2,1,15,21,,5,15,15,,,,,83,15,,,,,,24,,,,,,1,,,5,,,,,,1,1,26,78,,,,,1,,,,,1,
R093C,1,,1,,6,,,6,6,69,,,,,110,65,,,,,,47,,,,,,6,,,4,,,,,8,,3,16,28,,,,,,,,,,1,
R093D,2,,2,1,9,16,,5,15,25,,,,,84,23,,,,,,32,,,,,,5,,,4,,,,,8,,3,23,71,,,,,,,,,,1,
R095A,3,,2,1,17,32,,6,16,15,,,,,105,15,,,,,,25,,,,,,1,,,6,,,,,2,1,1,29,86,,,,,1,,,,,1,1
R095B,3,,2,1,17,21,,6,16,15,,,,,91,15,,,,,,25,,,,,,1,,,6,,,,,,1,1,29,86,,,,,1,,,,,1,
R095C,1,,1,,6,,,6,6,67,,,,,110,64,,,,,,46,,,,,,6,,,4,,,,,9,,3,16,28,,,,,,,,,,1,
R099A,2,,1,,3,9,,,,3,,,,,24,3,,,,,,3,,,,,,1,,,1,,,,,2,1,1,3,3,,,,,1,,,,,1,1
R099B,2,,1,,3,,,,,3,,,,,12,3,,,,,,3,,,,,,1,,,1,,,,,,1,1,3,3,,,,,1,,,,,1,
R099C,2,,1,,3,,,,,3,,,,,12,3,,,,,,3,,,,,,1,,,1,,,,,,1,1,3,3,,,,,1,,,,,1,
R099D,1,,1,,1,3,,,,18,,,,,33,18,,,,,,17,,,,,,2,,,1,,,,,6,,1,4,4,,,,,,,,,,1,
R111B,1,,1,,,13,,,,13,,,,,39,10,,,,,,8,,,,,,4,,,1,,,,,9,,1,2,2,,,,,,,,,,1,1
R112_CSV,3,,3,1,10,9,,,,18,,,,,52,18,,,,,,21,,,,,,2,,,1,,,,,10,,,15,97,,,,,,,,,,1,1
R113,2,,2,,,16,,,,8,,,,,38,8,,,,,,4,,,,,,1,,,1,,,,,10,,,4,4,,,,,,,,,,1,1
R119A,5,,5,4,7,34,,6,6,38,,,,,116,35,,,,,,40,,,,,,4,,,4,,,,,11,,3,21,64,,,,,,,,,,1,1
R119B,5,,5,4,7,33,,6,6,34,,,,,111,31,,,,,,38,,,,,,4,,,4,,,,,11,,2,21,64,,,,,,,,,,1,1
R119C,5,,5,4,9,42,,8,72,32,,,,,129,29,,,,,,78,,,,,,3,,,6,,,,,11,,1,57,196,,,,,,,,,,1,1
R120,1,,1,,6,18,,4,4,49,,,,,110,49,,,,,,50,,,,,,4,,,3,,,,,11,,6,14,104,,,,,,,,,,1,1
R121A,5,,5,4,13,21,,12,12,36,,,,,119,33,,,,,,51,,,,,,4,,,4,,,,,11,,3,33,79,,,,,,,,,,1,1
R121A_SUMM,1,,1,,13,4,,11,11,34,,,,,96,31,,,,,,48,,,,,,4,,,3,,,,,11,,3,28,59,,,,,,,,,,1,1
R121B,5,,5,4,13,21,,12,12,33,,,,,116,30,,,,,,50,,,,,,4,,,4,,,,,11,,2,33,79,,,,,,,,,,1,1
R121B_COMPANY,5,,5,4,13,4,,12,12,40,,,,,107,36,,,,,,55,,,,,,6,,,4,,,,,11,,3,33,79,,,,,,,,,,1,1
R121B_SUMM,1,,1,,13,4,,11,11,31,,,,,93,28,,,,,,47,,,,,,4,,,3,,,,,11,,2,28,59,,,,,,,,,,1,1
R121C,6,,6,5,1,31,,2,2,26,,,,,81,24,,,,,,23,,,,,,2,,,3,,,,,11,,1,12,34,,,,,,,,,,1,1
R121C_SUMM,2,,2,1,1,4,,1,1,24,,,,,48,22,,,,,,20,,,,,,2,,,2,,,,,11,,1,7,19,,,,,,,,,,1,1
R123D1,4,,4,3,4,15,,4,10,34,,,,,82,32,,,,,,43,,,,,,4,,,3,,,,,9,2,3,18,91,,,,,,,,,,1,1
F119_DOCTOR_YTD,,,,,2,2,,,,,,,,,5,,,,,,,2,,,,,,,,,,,,,,,,,2,2,,,,,,,,,,2,
R124B_XLS,3,,3,2,21,23,,14,42,31,,,,,137,30,,,,,,88,,,,,,5,,,5,,,,,11,,4,55,203,,,,,,,,,,1,1
R125,4,,4,4,6,11,,4,12,29,,,,,83,29,1,,,,,28,,,,,,2,,,5,,,,,9,4,2,20,46,,,,,,,,,,1,1
R132,1,,1,,,3,,,,8,,,,,28,11,,,,,,4,,,,,,1,,,1,,,,,9,,,3,3,,,,,,,,,,1,1
R133,1,,1,,,2,,,,1,,,,,17,1,,,,,,4,,,,,,2,,,1,,,,,9,,,3,3,,,,,,,,,,1,1
R135A,7,,6,10,2,7,,2,2,10,,,,,37,12,,,,,,5,,,,,,1,,,3,,,,,2,,,14,46,,,,,1,,,,,1,1
R135B,1,,1,,2,4,,1,1,39,,,,,67,38,,,,,,28,,,,,,3,,,2,,,,,10,2,2,7,20,,,,,,,,,,1,
R136,1,,1,,,2,,,,21,,,,,40,20,,,,,,16,,,,,,2,,,1,,,,,12,,2,4,4,,,,,,,,,,1,1
R137A,2,,2,,,15,,2,10,18,,,,,60,19,2,,,,,18,,,,,,3,,,3,,,,,13,,,9,22,,,,,,,,,,1,1
R137B,2,,2,,,6,,2,10,18,,,,,47,19,2,,,,,18,,,,,,3,,,3,,,,,10,,,9,22,,,,,,,,,,1,
R138_CSV,1,,1,,24,62,,7,7,2,,,,,144,2,,,,,,41,,,,,,2,,,8,,,,,9,,3,35,212,,,,,,,,,,1,1
R139_CSV,1,,1,,52,68,,20,20,2,,,,,254,2,,,,,,85,,,,,,2,,,21,,,,,9,,3,76,458,,,,,,,,,,1,1
R140_A1F,1,,1,,,,,,,5,,,,,17,5,,,,,,4,,,,,,1,,,1,,,,,8,,,4,4,,,,,,,,,,1,1
R140_A2G,1,,1,,2,2,,1,1,5,,,,,30,5,,,,,,7,,,,,,2,,,2,,,,,10,,,8,15,,,,,,,,,,1,1
R140_A3C,1,,1,,,,,,,2,,,,,16,2,,,,,,5,,,,,,1,,,1,,,,,10,,,5,5,,,,,,,,,,1,1
R140_A4T,1,,1,,,,,,,2,,,,,16,2,,,,,,5,,,,,,1,,,1,,,,,10,,,5,5,,,,,,,,,,1,1
R140_E,1,,1,,1,35,,,,45,,,,,97,42,,,,,,39,,,,,,7,,,1,,,,,8,,3,5,18,,,,,,,,,,1,1
R140W3,1,,1,,,14,,1,3,23,,,,,57,21,,,,,,22,,,,,,4,,,2,,,,,10,,3,6,12,,,,,,,,,,1,1
R141B1,1,,1,,,16,,,,52,,,,,84,51,,,,,,43,,,,,,3,,,1,,,,,11,,,4,4,,,,,,,,,,1,1
R141B2,1,,1,,,,,,,40,,,,,53,38,,,,,,26,,,,,,4,,,1,,,,,8,,2,4,4,,,,,,,,,,1,
R141D,1,,1,,,6,,,,12,,,,,32,10,,,,,,11,,,,,,4,,,1,,,,,10,,,4,4,,,,,,,,,,1,1
R151,5,,4,3,4,20,,5,11,42,,,,,105,43,,,,,,40,,,,,,5,,,4,,,,,10,2,2,19,81,,,,,1,,,,,1,1
R151D,2,,2,1,,6,,1,1,13,,,,,35,13,,,,,,3,,,,,,1,,,2,,,,,7,,2,4,7,,,,,,,,,,1,1
R151E,2,,2,1,,,,1,1,13,,,,,28,13,,,,,,3,,,,,,1,,,2,,,,,7,,2,4,7,,,,,,,,,,1,
R151F,2,,2,1,,,,1,1,13,,,,,28,13,,,,,,3,,,,,,1,,,2,,,,,7,,2,4,7,,,,,,,,,,1,
DEF_CLMHDR_STATUS,,,,,9,13,,,,,,,,,23,,,,,,,9,,,,,,,,,,,,,,,,,9,9,,,,,,,,,,2,
R702,3,,2,2,27,73,,10,30,19,,,,,168,19,,,,,,47,,,,,,1,,,6,,,,,3,,1,47,216,,,,,1,,,,,1,1
R707,1,,1,,,22,,,,30,,,,,66,29,,,,,,22,,,,,,2,,,1,,,,,10,,,4,4,,,,,,,,,,1,1
R709A,1,,1,,14,30,,1,25,10,,,,,73,8,,,,,,51,,,,,,2,,,2,,,,,11,,2,31,220,,,,,,,,,,1,1
R709B,1,,1,,22,46,,1,33,10,,,,,98,8,,,,,,70,,,,,,2,,,2,,,,,11,,2,43,320,,,,,,,,,,1,1
R710,2,,2,1,,11,,1,1,22,,,,,51,20,,,,,,16,,,,,,3,,,2,,,,,9,1,1,5,9,,,,,,,,,,1,1
F002_CONSECUTIVE_DATES,,,,,2,8,,1,1,,,,,,17,,,,,,,2,,,,,,,,,1,,,,,,,,3,5,,,,,,,,,,2,
R712,3,,3,4,,17,,1,1,63,,,,,102,63,,,,,,37,,,,,,3,,,2,,,,,9,,2,9,19,,,,,,,,,,1,1
R716A,3,,3,3,12,28,,3,5,20,,,,,91,20,,,,,,13,,,,,,1,,,4,,,,,10,,,23,44,,,,,,,,,,1,1
DEF_CLMDTL_STATUS,,,,,4,2,,,,,,,,,7,,,,,,,4,,,,,,,,,,,,,,,,,4,4,,,,,,,,,,2,
R716B,2,,2,2,9,20,,3,5,10,,,,,71,10,,,,,,10,,,,,,1,,,4,,,,,10,,,19,39,,,,,,,,,,1,1
R716C1,1,,1,,2,13,,,,3,,,,,33,3,,,,,,6,,,,,,1,,,1,,,,,10,,2,6,13,,,,,,,,,,1,1
R716C2,1,,1,,2,,,1,1,15,,,,,35,14,,,,,,16,,,,,,2,,,2,,,,,10,,2,7,16,,,,,,,,,,1,
R717__PASS1,2,,1,,,8,,1,1,3,,,1,,31,3,,,,,,5,,,,,,1,,,2,,,,,9,1,2,5,8,,,,,1,,,,,1,1
R717__PASS2,2,,2,2,,,,1,1,20,,,1,,27,19,,,,,,13,,,,,,2,,,2,,,,,,,,3,7,,,,,,,,,,1,
R801A,1,,1,,2,11,,1,5,30,,,,,66,29,,,,,,28,,,,,,6,,,2,,,,,10,4,2,9,35,,,,,,,,,,1,1
R801B,1,,1,,2,13,,1,5,30,,,,,68,29,,,,,,28,,,,,,6,,,2,,,,,10,4,2,9,35,,,,,,,,,,1,1
R801C,1,,1,,2,10,,1,11,20,,,,,52,19,,,,,,25,,,,,,3,,,2,,,,,10,4,3,12,47,,,,,,,,,,1,1
R921B,1,,1,,,5,,,,6,,,,,26,5,,,,,,8,,,,,,3,,,1,,,,,10,,3,4,4,,,,,,,,,,1,1
R950A,5,,4,4,2,24,,3,21,20,,,,,69,21,,,,,,22,,,,,,1,,,4,,,,,3,,,15,97,,,,,1,,,,,1,1
R950B,4,,3,4,8,30,,7,27,10,,,,,93,10,,,,,,31,,,,,,1,,,8,,,,,5,,2,26,117,,,,,1,,,,,1,1
R950C,1,,1,,2,34,,,,52,,,,,104,48,,,,,,24,,,,,,6,,,1,,,,,10,2,2,6,8,,,,,,,,,,1,1
R950C__PASS2,,1,,,,,,,,,,,1,,2,,,,,,,,,,,,,,,,1,,,,,,,,,,,,,,,,,,,1,
R990,1,,1,,,8,,1,7,,,,,,21,,,,,,,6,,,,,,1,,,2,,,,,5,,,6,18,,,,,,,,,,1,1
R997B,4,,3,2,5,33,,2,2,24,,,,,83,24,,,,,,14,,,,,,1,,,3,,,,,3,,,9,64,,,,,1,,,,,1,1
R997C,3,,1,,,,,,,,,,,,7,,,,,,,,,,,,,1,,,1,,,,,,,6,,,,,,,1,,,,,1,
R997D,3,,2,1,2,12,,,,24,,,,,43,24,,,,,,6,,,,,,1,,,1,,,,,,,,3,27,,,,,1,,,,,1,
R997E,3,,1,,,3,,,,,,,,,10,,,,,,,,,,,,,1,,,1,,,,,,,6,,,,,,,1,,,,,1,
R997F,2,,2,1,4,9,,2,2,56,,,,,96,55,,,,,,46,,,,,,3,,,3,,,,,10,2,2,11,49,,,,,,,,,,1,
R997G,1,,1,,,10,,,,71,,,,,95,70,,,,,,44,,,,,,3,,,1,,,,,9,8,6,4,4,,,,,,,,,,1,
R997H,1,,1,,,1,,,,18,,,,,30,16,,,,,,15,,,,,,2,,,1,,,,,9,,,4,4,,,,,,,,,,1,
R997I,1,,1,,10,6,,8,12,21,,,,,71,20,,,,,,35,,,,,,3,,,2,,,,,10,,1,23,43,,,,,,,,,,1,
R997J,1,,1,,,1,,,,6,,,,,19,5,,,,,,7,,,,,,2,,,1,,,,,9,,,4,4,,,,,,,,,,1,
R997K,1,,1,,,16,,,,71,,,,,102,70,,,,,,44,,,,,,3,,,1,,,,,10,8,6,4,4,,,,,,,,,,1,
R997_CLINIC22_84J_A,2,,2,5,,23,,1,11,65,,,,,108,64,,,,,,57,,,,,,3,,,2,,,,,10,1,2,14,55,,,,,,,,,,1,1
R997_CLINIC22_84J_B,2,,2,5,,16,,1,13,65,,,,,90,64,,,,,,54,,,,,,3,,,2,,,,,,1,2,11,54,,,,,,,,,,1,
R997_PAID,2,,2,1,4,7,,2,6,18,,,,,55,16,,,,,,22,,,,,,2,,,3,,,,,12,,1,13,53,,,,,,,,,,1,1
R997_PORTAL_A,1,,1,,3,69,,1,1,81,,,,,174,79,,,,,,51,,,,,,4,,,2,,,,,9,8,7,8,21,,,,,,,,,,1,1
R997_PORTAL_B,1,,1,,,,,,,46,,,,,58,44,,,,,,43,,,,,,2,,,1,,,,,9,1,6,4,4,,,,,,,,,,1,
R997_PORTAL_SS__PASS1,2,,2,2,32,18,,7,15,,,,1,,106,,,,,,,78,,,,,,,,,8,,,,,12,,8,47,300,,,,,,,,,,1,1
R997F_SUMM,1,,1,,,4,,,,23,,,,,40,20,,,,,,17,,,,,,3,,,1,,,,,9,,2,4,4,,,,,,,,,,1,1
R997G_SUMM,1,,1,,,2,,,,27,,,,,41,24,,,,,,19,,,,,,3,,,1,,,,,9,,1,4,4,,,,,,,,,,1,
R997K_SUMM,1,,1,,,2,,,,27,,,,,41,24,,,,,,19,,,,,,3,,,1,,,,,9,,1,4,4,,,,,,,,,,1,
R997_TOTAL,3,,3,6,8,7,,8,24,31,,,,,101,29,,,,,,47,,,,,,2,,,9,,,,,12,,,34,119,,,,,,,,,,1,1
R997A,2,,1,,1,8,,,,13,,,,,29,13,,,,,,,,,,,,1,,,1,,,,,1,,,1,2,,,,,1,,,,,1,1
RMAPRICE,1,,1,,4,9,,,,11,,,,,34,11,,,,,,6,,,,,,1,,,1,,,,,6,,,6,20,,,,,,,,,,1,1
RU701_ACR,2,,2,,1,7,,,,30,,,,,55,24,,,,,,21,,,,,,7,,,1,,,,,12,,8,5,9,,,,,,,,,,1,1
SIGNATURELABELS,1,,1,,3,8,,1,49,10,,,,,47,13,,,,,,25,,,,,,2,,,2,,,,,10,,3,22,71,,,,,,,,,,1,1
SOLO_PAYMENTS,2,,2,1,,1,,1,37,29,,,,,53,26,,,,,,38,,,,,,3,,,2,,,,,15,,3,23,79,,,,,,,,,,1,1
SUSPEND_AGENT,1,,1,,,4,,1,1,24,,,,,48,21,,,,,,21,,,,,,3,,,2,,,,,12,,2,5,8,,,,,,,,,,1,1
SUSPEND_AGENT_DETAIL,1,,1,,2,13,,2,2,68,,,,,107,65,,,,,,42,,,,,,4,,,2,,,,,12,,5,8,12,,,,,,,,,,1,1
SUSPEND_DESC,4,,4,5,2,2,,2,12,16,,,,,48,13,,,,,,15,,,,,,3,,,3,,,,,13,,2,16,53,,,,,,,,,,1,1
SUSPEND_DTL1,4,,4,4,24,44,,15,39,106,,,,,255,101,,,,,,125,,,,,,5,,,10,,,,,13,3,5,59,286,,,,,,,,,,1,1
SUSPEND_DTL2,1,,1,,,2,,,,28,,,,,34,25,,,,,,18,,,,,,3,,,1,,,,,2,,,,,,,,,,,,,,1,
SUSPEND_STATUS,1,,1,,3,4,,4,8,9,,,,,45,7,,,,,,17,,,,,,2,,,3,,,,,12,,1,13,31,,,,,,,,,,1,1
SUSPEND_SUFFIX,1,,1,,,3,,1,17,30,,,,,51,29,,,,,,27,,,,,,3,,,2,,,,,8,2,2,10,28,,,,,,,,,,1,1
SUSPEND_TOTAL1,3,,3,3,4,50,,3,11,42,,,,,130,39,,,,,,27,,,,,,3,,,4,,,,,13,1,4,16,39,,,,,,,,,,1,1
SUSPEND_TOTAL2,,,,,,,,,,28,,,,,30,25,,,,,,18,,,,,,3,,,1,,,,,,2,3,,,,,,,,,,,,1,
T4A_ADDRLABELS_1,3,,2,1,37,11,,36,134,9,,,,,180,14,,,,,,62,,,,,,1,,,12,,,,,3,,,103,334,,,,,1,,,,,1,1
T4A_ADDRLABELS_2,2,,1,,,7,,,,8,,,,,33,8,,,,,,4,,,,,,1,,,1,,,,,11,1,1,4,4,,,,,1,,,,,1,1
T4A_ADDRLABELS_3,2,,2,1,,7,,,,13,,,,,35,13,,,,,,10,,,,,,1,,,1,,,,,11,,,5,6,,,,,,,,,,1,1
U030AA3,4,,4,8,1,43,,2,12,4,,,,,67,4,,,,,,21,,,,,,1,,,3,,,,,7,,,16,90,,,,,,,,,,1,1
U100_B,1,,1,,,80,,,,9,,,,,106,8,,,,,,10,,,,,,3,,,1,,,,,13,,,4,4,,,,,,,,,,1,1
U100_C,1,,1,,,4,,,,9,,,,,16,8,,,,,,6,,,,,,3,,,1,,,,,,,,,,,,,,,,,,,1,
U100_D,3,,3,1,,25,,1,8,17,,,,,51,17,2,,,,,9,,,,,,3,,,2,,,,,,,1,5,17,,,,,,,,,,1,
U100_E,3,,3,3,,3,,1,7,21,,,,,33,21,2,,,,,13,,,,,,3,,,2,,,,,,,1,7,23,,,,,,,,,,1,
U100_F,2,,2,1,,1,,1,2,12,,,,,21,11,,,,,,6,,,,,,3,,,2,,,,,,,1,2,8,,,,,,,,,,1,
U100_B__PASS1,4,,3,2,,18,,1,41,11,,,1,,44,12,,,,,,11,,,,,,1,,,2,,,,,2,,1,13,49,,,,,1,,,,,1,1
U100_B__PASS2,2,,1,,1,2,,,,12,,,1,,21,12,,,,,,1,,,,,,1,,,1,,,,,,2,2,1,1,,,,,1,,,,,1,
U100_B__PASS3,2,,1,,,3,,1,1,6,,,1,,18,6,,,,,,1,,,,,,1,,,2,,,,,,,,1,3,,,,,1,,,,,1,
U100_B__PASS4,3,,1,,,4,,1,3,,,,1,,14,,,,,,,2,,,,,,1,,,2,,,,,,,,2,6,,,,,1,,,,,1,
U100_B__PASS5,4,,3,2,,5,,1,41,12,,,1,,26,12,,,,,,10,,,,,,1,,,2,,,,,,,,13,37,,,,,1,,,,,1,
U100_B__PASS6,1,,1,,,4,,,,23,,,1,,39,21,,,,,,13,,,,,,4,,,1,,,,,8,,1,4,4,,,,,,,,,,1,
U100_C__PASS1,2,,2,,,2,,,,15,,,1,,33,15,1,,,,,10,,,,,,3,,,1,,,,,10,,1,4,4,,,,,,,,,,1,1
U111A,2,,1,,,13,,,,6,,,,,29,6,,,,,,,,,,,,1,,,1,,,,,3,1,2,,,,,,,1,,,,,1,1
U140_K,3,,2,1,9,28,,3,3,19,,,,,85,19,,,,,,11,,,,,,1,,,4,,,,,7,,,15,37,,,,,1,,,,,1,1
UTL00013A,2,,1,,4,16,,1,77,5,,,,,43,8,1,,,,,36,,,,,,1,,,2,,,,,2,,1,36,139,,,,,1,,,,,1,1
UTL00013B,2,,2,3,,,,1,5,9,,,,,26,7,,,,,,11,,,,,,2,,,2,,,,,10,3,1,10,19,,,,,,,,,,1,
UTL0004,2,,2,1,5,4,,1,3,9,,,,,40,10,1,,,,,18,,,,,,1,,,2,,,,,11,,2,12,69,,,,,,,,,,1,1
UTL0006,4,,4,3,10,19,,8,14,41,,,,,107,39,1,,,,,41,,,,,,5,,,3,,,,,9,4,2,27,75,,,,,,,,,,1,1
UTL0006_70,4,,4,3,8,6,,6,12,41,,,,,88,39,1,,,,,37,,,,,,5,,,3,,,,,9,4,2,23,65,,,,,,,,,,1,1
UTL0006A,4,,4,3,10,18,,8,14,41,,,,,106,39,1,,,,,42,,,,,,5,,,3,,,,,9,4,2,27,75,,,,,,,,,,1,1
UTL0006A_70,4,,4,3,8,6,,6,12,41,,,,,88,39,1,,,,,38,,,,,,5,,,3,,,,,9,4,2,23,65,,,,,,,,,,1,1
UTL0007,3,,3,2,7,17,,1,3,55,,,,,99,53,1,,,,,33,,,,,,5,,,2,,,,,9,3,2,15,110,,,,,,,,,,1,1
UTL0007_70,3,,3,2,7,7,,1,7,56,,,,,90,54,1,,,,,35,,,,,,5,,,2,,,,,9,3,2,16,114,,,,,,,,,,1,1
UTL0007A_70,3,,3,2,7,7,,1,7,56,,,,,90,54,1,,,,,35,,,,,,5,,,2,,,,,9,3,2,16,114,,,,,,,,,,1,1
UTL0012_A,3,,2,1,,7,,1,2,12,,,,,31,12,1,,,,,1,,,,,,1,,,2,,,,,2,,,2,8,,,,,1,,,,,1,1
UTL0012_B,1,,1,,,,,,,,,,,,9,,,,,,,4,,,,,,1,,,1,,,,,6,,,4,4,,,,,,,,,,1,
UTL0012C,3,,3,2,1,2,,2,2,1,,,1,,19,1,,,,,,4,,,,,,1,,,3,,,,,2,,,5,22,,,,,,,,,,1,1
UTL0021__PASS1,1,,1,,,14,,1,9,11,,,1,,44,11,,,,,,5,,,,,,1,,,2,,,,,11,,,10,20,,,,,,,,,,1,1
UTL0021__PASS2,1,1,1,,,,,1,3,5,,,1,,20,5,,,,,,4,,,,,,1,,,2,,,,,7,,,6,10,,,,,,,,,,1,
UTL0101,1,,1,,,10,,,,8,,,,,32,8,,,,,,8,,,,,,2,,,1,,,,,9,,,4,4,,,,,,,,,,1,1
UTL0201_1,4,,3,2,5,20,,6,16,8,,,,,58,8,,,,,,38,,,,,,1,,,3,,,,,2,,,18,153,,,,,1,,,,,1,1
UTL0201_2,1,,1,,,,,,,20,,,,,33,19,,,,,,14,,,,,,4,,,1,,,,,8,,3,4,4,,,,,,,,,,1,
UTL0201_3,2,,2,3,1,7,,1,1,23,,,,,48,22,,,,,,17,,,,,,4,,,2,,,,,8,,3,9,19,,,,,,,,,,1,
UTL0F020_OHIP_SIN,2,,2,1,,2,,,,24,,,,,42,22,,,,,,18,,,,,,4,,,1,,,,,10,1,1,5,24,,,,,,,,,,1,1
WEB_BEFORE_AFTER,1,,1,,8,14,,8,8,43,,,,,120,41,,,,,,38,,,,,,4,,,8,,,,,12,,4,20,36,,,,,,,,,,1,1
WEBOMAFEE,1,,1,,1,1,,,,22,,,,,39,21,,,,,,7,,,,,,2,,,1,,,,,10,,1,5,5,,,,,,,,,,1,1
WEBPATIENTS,2,,2,1,17,5,,14,14,18,,,,,97,21,2,,,,,42,,,,,,1,,,4,,,,,10,,1,36,106,,,,,,,,,,1,1
WEBPATIENTS_DOC,2,,2,1,23,19,,18,18,25,,,,,142,27,5,,,,,48,,,,,,1,,,8,,,,,10,,1,46,129,,,,,,,,,,1,1
R134A,6,,5,10,,15,,3,3,10,,,,,47,12,,,,,,5,,,,,,1,,,4,,,,,2,,,13,29,,,,,1,,,,,1,1
R134B,1,,1,,2,6,,1,1,40,,,,,69,38,,,,,,28,,,,,,3,,,2,,,,,10,2,2,7,20,,,,,,,,,,1,
R022A8,4,,3,7,5,28,,3,3,26,,,,,84,26,,,,,,14,,,,,,1,,,4,,,,,3,1,4,15,54,,,,,1,,,,,1,1
