  35018380  10      920.90
  3401M121  23    2,358.90
  3401M122  16    2,329.70
  2301N025   1      120.08
  4201N052   2    1,697.05
  46024362  34    4,253.70
  22025660   3      580.40
  35025345   1       80.30
  35027263  15    1,652.90
  3402F346   3       38.25
  2303F263  42    3,240.97
  34051128  37    2,778.05
  3405C267  38    3,282.55
  2205K128  99   20,920.79
  2205K129  99   33,237.02
  2205K130   3      249.30
  2208C291  15    5,200.85
  3308C039  99   19,531.24
  3308C040   7      981.20
  3508E109  24    2,686.00
  3409B300  99    9,399.73
  3409B301  48    7,076.24
  2209P014  15      615.45
  3309P029  35    4,857.30
  3410C200   2      120.30
  3410H218  47   10,315.80
  34115675  13   11,153.77
  2311P042   5    1,170.78
  3412B335  43    5,079.90
  34137180   6      386.10
  3413B297  18      239.40
  35144338   1      240.90
  2216M040  34    3,683.40
  3416M039  15    1,482.66
  34181430  18    1,998.70
  3419K127  99   14,196.26
  3419K128  70   10,243.90
  3320J055  32    2,475.15
  3421L098  99    5,453.05
  3421L099  70    3,285.43
  36228466  67    5,566.57
  3423F233   1      166.10
  3423F234  99   18,696.69
  3423F235  66   11,339.00
  2323N091  23    1,198.05
  3424C269  99    6,894.94
  3424C270  99    6,825.00
  3424C271  99    4,314.96
  3424C272  99    5,731.44
  3424C273  99   11,299.22
  3424C274  27    3,051.36
  3324F183  61        0.00
  2324H128   8    1,971.99
  3424M033  44    3,989.55
  3425L127  99   12,288.53
  3425L128  49    4,594.41
  3426C170  99    8,185.53
  3426C171  50    4,589.90
  3326J121  50    2,318.80
  3327C065  16      812.65
  3528C112  28    4,130.30
  2328J145  38    4,163.70
  2228L075   9    1,365.70
  2229A181   1       31.00
  3431N040   1      176.35
  43321386   1       82.30
  3433M010   1      101.55
  3335F204   1       44.40
  3336B362   6    2,472.91
  2338M073   2      118.35
  34392329   3      121.35
  43396259   1      160.00
  3439N038  24    2,785.24
  34405839  85    6,836.54
  2340B361  33    6,929.53
  4440B248   6    1,058.10
  3340C273  50    2,704.60
  2341F164   1       26.55
  3442N054  99   10,495.17
  3442N055  33    3,586.27
  36434391  99    4,986.86
  36434392  99    7,152.86
  36434393  93   21,992.05
  3444M021  44    5,201.82
  33450859  99   15,348.89
  33450860  12    2,625.27
  2345M067   2      481.60
  3446C631  99    7,385.22
  3446C632  33    1,994.23
  3546M035  10    1,039.10
  3446N011  33    4,961.70
  33473263  62    5,567.41
  33496309  99    9,713.43
  33496310  99   12,521.74
  33496311   6    1,503.78
  35500240  12    1,957.90
  35505085   2      338.80
  3550C316  21    4,342.10
  45513628   1       80.30
  2351C193  29    2,047.90
  23521105   9    1,230.82
  42521412   3      585.39
  35522322   9    1,370.00
  2352M053  12    1,782.00
  3453K114  99   10,934.36
  3453K115  99   12,592.80
  3453K116  61    7,759.20
  34552474   1       79.85
  3455C330  30    2,100.75
  2355H295  29    5,227.85
  2255P008  23    3,920.34
  33567544   1       24.05
  2357C344   6    1,751.06
  3357K145  24    5,251.66
  23585435   9      557.45
  33586292   1       76.44
  2358H243  19    1,629.81
  3458N034  99   12,592.80
  3458N035  99   12,592.80
  3458N036  99   12,592.80
  3458N037  30    3,816.00
  36606607  27    2,370.75
  2560M061   3      915.61
  3461C251   1       70.90
  2361P014  11    2,860.09
  2362K169  71    3,623.85
  3462L080  99    7,818.31
  3462L081  99    6,669.97
  3462L082  99    6,770.61
  3462L083  99    6,438.12
  3462L084  45    3,038.78
  3463J069  30    4,662.53
  3464C204  82    5,092.99
  33651265  40    3,466.50
  3365E198  27    2,503.05
  3365N043  32    7,283.67
  3465P011  11      798.10
  3465P012  98   12,043.15
  2266A015   5      835.00
  3368E256  54    7,556.07
  3669F198   1      101.70
  33704472  96   11,115.65
  34709724  45    4,122.81
  3470N037   6    1,173.60
  2371F076  16    1,478.45
  3371M092  24    9,285.07
  33728453  99   11,364.66
  33728454  51    8,012.88
  2272E117   9    2,089.31
  34733629   1      105.25
  23759226   9      910.35
  3475A391  69    6,294.25
  34770316  99    8,402.40
  34770317  28    3,270.40
  3477K121   5      390.30
  3478C330  60    5,110.86
  2378M012  11    2,062.72
  2378N072  11    1,323.35
  3281M032  31   12,658.27
  3682H216  93   12,633.05
  3282M032  31    7,245.26
  4283L084   3    2,037.55
  3386E289  74   15,685.63
  3486H209  67    8,099.81
  33871532  15      792.25
  3587A097  39    7,712.10
  3487C162   2      352.70
  33884339  12    1,983.80
  35901427  20    4,651.50
  44917430   1       65.00
  3491J168  42    2,681.50
  4191N036  95    5,961.25
  3492C112  36    3,793.93
  3492F123  99    4,894.76
  3492F124  99    7,954.34
  3492F125  82    7,738.79
  34939151  48    5,829.14
  2294J073   9    7,142.95
  3494J147  25   16,970.27
  22958050  85   10,717.51
  34965259  99   12,592.80
  34965260   6      763.20
  45969394   4    1,160.60
  2296H084   7    1,008.95
  2396K170  10    1,191.53
  22970322  21    5,048.78
  25987344   2      510.34
  34989307  40    8,682.25
  2298N015  24    3,209.35
  3499A067  25    2,411.00
  3399E239  20    1,717.30
  3499K058  69    5,025.45
  35C42281   1       40.45
  22C79150  45    5,624.25
  34D09306  99    1,262.25
  34D09307  99    1,262.25
  34D09308  99    1,262.25
  34D09309  80    1,020.00
  34D69921  99    8,594.40
  34D69922  69    5,742.25
  34E56804  34    1,924.80
  36E84785  78   22,944.61
  36E85786  38   13,884.58
  34E88006  99    9,464.32
  34E88007  83    6,838.11
  42E91666   6    6,037.41
  35F07456  19    2,129.60
  45F16667  26    4,214.40
  23F42184  20    2,716.00
  34F52591  39    4,382.40
  33F94267  75   12,394.44
  33F94268   3      131.20
  34G05481  42    4,222.50
  34G14720  61   11,045.10
  33G19978  99    8,781.84
  33G19979   3      795.17
  33G19980   2      162.20
  33G23406  99   16,577.40
  33G23407   1      569.10
  34G27760   2       42.80
  34G70517  31   11,083.83
  42G71685  14    1,495.20
  44H09062   7      848.95
  25H15087   4    1,625.66
  32H15158   3    1,307.10
  34H19657  52    6,285.68
  23H39016  20    3,212.14
  34H43690  99    6,301.30
  34H43691  68    4,258.85
  34H54666  99    8,448.99
  34H54667  58    5,795.21
  33H82597  84   66,698.58
  34H87465  32    3,292.57
  34H87466  67    4,590.50
  42H95814  10    1,253.65
  22J26202  28    3,561.60
  34J26549  99    6,574.64
  34J26550  99    7,988.13
  34J26551  99    9,049.13
  34J26552  99   12,592.80
  34J26553  10    1,272.00
  34J29668  35    1,948.10
  34J36835   8      102.00
  42J42676   1    1,712.99
  34J58665  27    3,006.25
  33J81449   1       24.10
  34J86675  33    2,562.25
  34J89793  99    7,982.03
  34J89794  68    5,422.40
  23J99112  22    3,032.02
  42J99591   7    5,402.57
  22K17234  12    1,526.40
  34K17432  93   11,829.60
  33K41926  49    7,534.07
  36K78622  99   16,278.71
  36K78623  99    7,954.50
  36K78624  23    1,619.91
  34K81608  46    6,804.85
  42L57804   5    4,311.91
  33L63727   1      748.86
  34L76514   1      181.60
  34L90890  95    5,864.26
  22M03120   1      184.69
  35M03140   7    1,350.70
  34M16332   9      745.70
  33M18573   1      229.30
  22M19060   9    6,167.63
  34M19564  22   20,860.39
  34M43270  43    5,795.75
  33M70767  99   17,491.53
  33M70768  24    2,882.78
  34M79717   1      134.40
  34M79718  99    8,602.97
  34M79719  23    2,371.16
  34M98500  99    5,698.15
  34M98501  41    2,719.91
  34M98502  13    1,502.38
  42N52435  37   12,320.82
  36N71411  99   11,563.55
  36N71412  81    8,188.70
  32N77365  30   10,879.34
  42N88562  17    6,146.60
  34N97732  76    7,670.00
  33N99504  39    1,713.95
  23P09411  10      737.35
  36P11706   5    1,249.66
  34P18606  99    9,668.60
  34P18607  99    6,157.06
  34P18608  22    1,433.48
  34P26502  86    4,990.71
  34P27619  93    8,999.96
  34P36368  79   12,329.75
  34P41381  33    4,586.95
  34P41382  99    9,971.72
  34P41383  66    7,424.49
  34P59312  99    3,321.45
  34P59313  99    6,006.40
  34P59314   5      880.83
  34P73257  50    5,928.95
  34P79456  99   11,164.54
  34P79457  37    5,555.81
  23P87143  16    2,011.34
  34R42577  45    6,173.10
  34R79692  99    6,983.96
  34R79693  57    6,611.34
  33R94048  99    5,010.50
  33R94049  25    1,296.95
  34R95731  31    2,675.07
  22T30191  30    5,582.20
  34T67311   9    1,661.30
  34T99312  62   12,377.95
  34V02437  29    2,895.70
  34V06510  92   10,429.08
  33V13418  60    7,700.25
  43V20495   5      768.25
  33V24577  76    8,381.27
  34V28485   1       13.30
  34V28486   4       53.20
  33V37560   3      203.75
  33V41486  22   24,721.68
  35V51300   5      562.10
  33V54518  64    3,427.60
  42V58415   5    4,339.82
  33V59270  99    4,529.55
  33V59271  99    6,409.55
  33V59272  99   11,560.05
  33V59273  99   16,343.03
  33V59274  64    3,962.15
  34V85252  39    8,979.50
  22V87143  10    1,200.75
  34W05431  73    5,038.26
  22W08188  39    3,240.90
  33W08482  99    5,788.43
  33W08483  86   23,592.42
  33W37495  90    5,420.45
  33W38662  89   10,254.82
  33W38663   4      160.75
  34W72159  50    4,203.59
  34W87516   4      124.00
  22W95059   7    5,871.34
  34W95212  71   43,121.97
  33X23486  63    6,923.33
  34X28282   4      313.95
  33X30441  24    1,887.50
  34X53263  66    5,975.80
  34X69562  96    7,924.45
  34X75261  99    9,184.64
  34X75262  99    5,731.50
  34X75263  99    5,723.76
  34X75264  60    3,847.38
  34Y10486   5       56.90
  34Y10487  34    3,567.39
  34Y20300   2      436.10
  33Y21431  67    4,701.50
  34Y22294  16    1,217.87
  34Y33324  26    2,640.41
  33Y37540  99    7,798.05
  33Y37541  84    7,404.97
  33Y39392  99    5,523.74
  33Y39393  84    5,802.48
  34Y40317  99    7,588.89
  34Y40318  66    2,768.22
  33Y42659  60    9,327.28
