2017/04/18                                     Regional Medical Associates - Hamilton                                       PAGE   1

  Fee    Fee Curr H  Fee Curr H  Fee Curr A  Fee Curr A
  Oma      Fee 1       Fee 2       Fee 1       Fee 2
  Cd

         Fee Prev H  Fee Prev H  Fee Prev A  Fee Prev A
           Fee 1       Fee 2       Fee 1       Fee 2

  E057       30.000      30.000      30.000      30.000
             30.600      30.000      30.600      30.000
  E058       30.600      30.000      30.600      30.000
             30.600      30.000      30.600      30.000
  E059       30.000      30.000      30.000      30.000
             30.600      30.000      30.600      30.000
  E078       50.000       0.000      50.000       0.000
             50.000       0.000      50.000       0.000
  E082       30.000       0.000      30.000       0.000
             30.000       0.000      30.000       0.000
  E083       30.000       0.000      30.000       0.000
             30.000       0.000      30.000       0.000
  E373       30.000      30.000      30.000      30.000
             30.000      30.000      30.000      30.000
  E375       30.000      30.000      30.000      30.000
             30.000      30.000      30.000      30.000
  E386       40.000      40.000      40.000      40.000
             40.000      40.000      40.000      40.000
  E400       50.000      50.000      50.000      50.000
             40.000      40.000      40.000      40.000
  E401       75.000      75.000      75.000      75.000
             65.000      65.000      65.000      65.000
  E409       50.000      50.000      50.000      50.000
             40.000      40.000      40.000      40.000
  E410       75.000      75.000      75.000      75.000
             65.000      65.000      65.000      65.000
  E411      100.000     100.000     100.000     100.000
            100.000     100.000     100.000     100.000
  E412       20.000      20.000      20.000      20.000
             10.000      10.000      10.000      10.000
  E413       40.000      40.000      40.000      40.000
             30.000      30.000      30.000      30.000
  E420       50.000      50.000      50.000      50.000
             50.000      50.000      50.000      50.000
  E444       50.000      50.000      50.000      50.000
             50.000      50.000      50.000      50.000
  E445       50.000      50.000      50.000      50.000
             50.000      50.000      50.000      50.000
  E532       50.000      50.000      50.000      50.000
             50.000      50.000      50.000      50.000
  E540       25.000      25.000      25.000      25.000
             25.000      25.000      25.000      25.000
  E544       40.000      40.000      40.000      40.000
             40.000      40.000      40.000      40.000
  E555       50.000      50.000      50.000      50.000
             50.000      50.000      50.000      50.000
  E556       50.000      50.000      50.000      50.000
             50.000      50.000      50.000      50.000
  E564       35.000      35.000      35.000      35.000
             35.000      35.000      35.000      35.000

2017/04/18                                     Regional Medical Associates - Hamilton                                       PAGE   2

  Fee    Fee Curr H  Fee Curr H  Fee Curr A  Fee Curr A
  Oma      Fee 1       Fee 2       Fee 1       Fee 2
  Cd

         Fee Prev H  Fee Prev H  Fee Prev A  Fee Prev A
           Fee 1       Fee 2       Fee 1       Fee 2

  E569       50.000      50.000      50.000      50.000
             50.000      50.000      50.000      50.000
  E586       40.000      40.000      40.000      40.000
             40.000      40.000      40.000      40.000
  E676       25.000      25.000      25.000      25.000
             25.000      25.000      25.000      25.000
  E683       25.000      25.000      25.000      25.000
             25.000      25.000      25.000      25.000
  E792       25.000      25.000      25.000      25.000
             10.000      10.000      10.000      10.000
  E793       25.000      25.000      25.000      25.000
             10.000      10.000      10.000      10.000
  E826       75.000      75.000      75.000      75.000
             75.000      75.000      75.000      75.000
  E831       30.000      30.000      30.000      30.000
             30.000      30.000      30.000      30.000
  E862       25.000      25.000      25.000      25.000
             10.000      10.000      10.000      10.000
  E863       25.000      25.000      25.000      25.000
             10.000      10.000      10.000      10.000
  E871       25.000       0.000      25.000       0.000
             25.000       0.000      25.000       0.000
  E906       40.000      40.000      40.000      40.000
             40.000      40.000      40.000      40.000
  E911       40.000      40.000      40.000      40.000
             40.000      40.000      40.000      40.000
  E925       30.000      30.000      30.000      30.000
             30.000      30.000      30.000      30.000
  E958       50.000      50.000      50.000      50.000
             50.000      50.000      50.000      50.000
  E977       25.000      25.000      25.000      25.000
             25.000      25.000      25.000      25.000
  E982       30.000      30.000      30.000      30.000
             30.000      30.000      30.000      30.000
  E983       25.000      25.000      25.000      25.000
             25.000      25.000      25.000      25.000
  G803       20.000      20.000      20.000      20.000
             20.000      20.000      20.000      20.000
  K099        0.000       0.000       0.000       0.000
              0.000       0.000       0.000       0.000
  K187       15.000       0.000      15.000       0.000
             15.000       0.000      15.000       0.000
  K188       15.000       0.000      15.000       0.000
             15.000       0.000      15.000       0.000







