2017/04/18                                     Regional Medical Associates - Hamilton                                       PAGE   1

  Fee    Fee Curr H  Fee Curr H  Fee Curr A  Fee Curr A
  Oma      Fee 1       Fee 2       Fee 1       Fee 2
  Cd

         Fee Prev H  Fee Prev H  Fee Prev A  Fee Prev A
           Fee 1       Fee 2       Fee 1       Fee 2

  E057       30.000      30.000      66.600      66.600
             30.600      30.000      65.484      64.200
  E058       30.600      30.000      67.932      66.600
             30.600      30.000      65.484      64.200
  E059       30.000      30.000      66.600      66.600
             30.600      30.000      65.484      64.200
  E078       50.000       0.000     111.000       0.000
             50.000       0.000     107.000       0.000
  E082       30.000       0.000      66.600       0.000
             30.000       0.000      64.200       0.000
  E083       30.000       0.000      66.600       0.000
             30.000       0.000      64.200       0.000
  E373       30.000      30.000      66.600      66.600
             30.000      30.000      64.200      64.200
  E375       30.000      30.000      66.600      66.600
             30.000      30.000      64.200      64.200
  E386       40.000      40.000      88.800      88.800
             40.000      40.000      85.600      85.600
  E400       50.000      50.000     111.000     111.000
             40.000      40.000      85.600      85.600
  E401       75.000      75.000     166.500     166.500
             65.000      65.000     139.100     139.100
  E409       50.000      50.000     111.000     111.000
             40.000      40.000      85.600      85.600
  E410       75.000      75.000     166.500     166.500
             65.000      65.000     139.100     139.100
  E411      100.000     100.000     222.000     222.000
            100.000     100.000     214.000     214.000
  E412       20.000      20.000      44.400      44.400
             10.000      10.000      21.400      21.400
  E413       40.000      40.000      88.800      88.800
             30.000      30.000      64.200      64.200
  E420       50.000      50.000     111.000     111.000
             50.000      50.000     107.000     107.000
  E444       50.000      50.000     111.000     111.000
             50.000      50.000     107.000     107.000
  E445       50.000      50.000     111.000     111.000
             50.000      50.000     107.000     107.000
  E532       50.000      50.000     111.000     111.000
             50.000      50.000     107.000     107.000
  E540       25.000      25.000      55.500      55.500
             25.000      25.000      53.500      53.500
  E544       40.000      40.000      88.800      88.800
             40.000      40.000      85.600      85.600
  E555       50.000      50.000     111.000     111.000
             50.000      50.000     107.000     107.000
  E556       50.000      50.000     111.000     111.000
             50.000      50.000     107.000     107.000
  E564       35.000      35.000      77.700      77.700
             35.000      35.000      74.900      74.900

2017/04/18                                     Regional Medical Associates - Hamilton                                       PAGE   2

  Fee    Fee Curr H  Fee Curr H  Fee Curr A  Fee Curr A
  Oma      Fee 1       Fee 2       Fee 1       Fee 2
  Cd

         Fee Prev H  Fee Prev H  Fee Prev A  Fee Prev A
           Fee 1       Fee 2       Fee 1       Fee 2

  E569       50.000      50.000     111.000     111.000
             50.000      50.000     107.000     107.000
  E586       40.000      40.000      88.800      88.800
             40.000      40.000      85.600      85.600
  E676       25.000      25.000      55.500      55.500
             25.000      25.000      53.500      53.500
  E683       25.000      25.000      55.500      55.500
             25.000      25.000      53.500      53.500
  E792       25.000      25.000      55.500      55.500
             10.000      10.000      21.400      21.400
  E793       25.000      25.000      55.500      55.500
             10.000      10.000      21.400      21.400
  E826       75.000      75.000     166.500     166.500
             75.000      75.000     160.500     160.500
  E831       30.000      30.000      66.600      66.600
             30.000      30.000      64.200      64.200
  E862       25.000      25.000      55.500      55.500
             10.000      10.000      21.400      21.400
  E863       25.000      25.000      55.500      55.500
             10.000      10.000      21.400      21.400
  E871       25.000       0.000      55.500       0.000
             25.000       0.000      53.500       0.000
  E906       40.000      40.000      88.800      88.800
             40.000      40.000      85.600      85.600
  E911       40.000      40.000      88.800      88.800
             40.000      40.000      85.600      85.600
  E925       30.000      30.000      66.600      66.600
             30.000      30.000      64.200      64.200
  E958       50.000      50.000     111.000     111.000
             50.000      50.000     107.000     107.000
  E977       25.000      25.000      55.500      55.500
             25.000      25.000      53.500      53.500
  E982       30.000      30.000      66.600      66.600
             30.000      30.000      64.200      64.200
  E983       25.000      25.000      55.500      55.500
             25.000      25.000      53.500      53.500
  G803       20.000      20.000      44.400      44.400
             20.000      20.000      42.800      42.800
  K099        0.000       0.000       0.000       0.000
              0.000       0.000       0.000       0.000
  K187       15.000       0.000      33.300       0.000
             15.000       0.000      32.100       0.000
  K188       15.000       0.000      33.300       0.000
             15.000       0.000      32.100       0.000







